1 0.865625 0.6390625 0.26875 0.721875
1 0.2375 0.6546875 0.23125 0.690625
1 0.5140625 0.6640625 0.265625 0.671875
1 0.0734375 0.640625 0.146875 0.68125
2 0.8984687499999999 0.34954687500000003 0.08175 0.135140625
2 0.5055468750000001 0.401265625 0.083421875 0.14515625000000001
2 0.228578125 0.37873437499999996 0.08009374999999999 0.13348437500000002
2 0.083421875 0.36121875000000003 0.06340625 0.118453125
2 0.8022500000000001 0.29346875 0.0713125 0.13165625
2 0.362703125 0.307546875 0.0605 0.11540625
2 0.5722343750000001 0.294828125 0.06 0.11964062499999999
2 0.15171874999999999 0.282640625 0.05596875 0.11221874999999999