1 0.6546875 0.7015625 0.159375 0.596875
2 0.644546875 0.44925 0.055671875 0.09165625
1 0.18184375 0.749421875 0.288921875 0.50115625
2 0.164796875 0.5682968749999999 0.0721875 0.13825
3 0.21793749999999998 0.5746875 0.038484375 0.08275
3 0.2456875 0.542671875 0.047015625 0.10193749999999999
1 0.4480625 0.553703125 0.06218749999999999 0.211296875
3 0.443484375 0.46725000000000005 0.019015625 0.040125
1 0.7766093749999999 0.6129374999999999 0.13728125 0.362046875
3 0.773453125 0.46414062500000003 0.034859375 0.06396874999999999
1 0.8923125000000001 0.5685 0.10509375000000001 0.278859375
2 0.88415625 0.45134375000000004 0.032109375 0.043328125