1 0.5637083333333333 0.5583425925925926 0.042015625 0.16988888888888887
1 0.6197760416666667 0.5098333333333334 0.03705729166666667 0.13817592592592592
1 0.68853125 0.5001018518518519 0.034890624999999995 0.1287037037037037
1 0.742265625 0.5812407407407407 0.046489583333333334 0.16149074074074074
1 0.08452604166666666 0.7574814814814815 0.16185416666666666 0.2567962962962963
1 0.08925000000000001 0.5475555555555556 0.0449375 0.17062962962962963
1 0.27325 0.5270925925925926 0.040989583333333336 0.15749074074074074
1 0.162296875 0.6723888888888888 0.05345833333333334 0.21558333333333335
1 0.23727083333333335 0.4591018518518518 0.0324375 0.1292037037037037
1 0.17831770833333332 0.4926203703703703 0.03964583333333334 0.14491666666666667
1 0.6835989583333333 0.8332499999999999 0.07746354166666666 0.2900925925925926
1 0.7161770833333333 0.7327222222222223 0.05288020833333333 0.21702777777777776
1 0.20904166666666668 0.43393518518518515 0.032234375 0.1293425925925926
0 0.202828125 0.8566666666666667 0.06525 0.28665740740740736
1 0.7155468749999999 0.5493055555555556 0.03600520833333333 0.14875
1 0.7243645833333333 0.9191851851851852 0.09621354166666667 0.16162962962962962
1 0.5561510416666666 0.9168425925925926 0.0850625 0.16632407407407407
2 0.5431510416666666 0.8596111111111111 0.029734375 0.05214814814814815
2 0.7168125 0.8697685185185186 0.029130208333333334 0.06310185185185185
2 0.6783854166666666 0.711925925925926 0.022869791666666663 0.047129629629629625
2 0.7151875000000001 0.6427222222222222 0.020088541666666668 0.03890740740740741
2 0.25147916666666664 0.8987499999999999 0.03725 0.058861111111111114
2 0.27334375000000005 0.8903148148148148 0.029583333333333333 0.06505555555555556
1 0.24663020833333332 0.7865833333333333 0.066875 0.2645
2 0.24109375 0.6760925925925926 0.021156249999999998 0.04171296296296296
2 0.089140625 0.6534074074074073 0.023385416666666665 0.04882407407407407
2 0.2733072916666667 0.4638333333333333 0.012072916666666666 0.03158333333333333
2 0.7447864583333333 0.5148333333333334 0.013453125 0.028092592592592593
2 0.5634322916666666 0.48640740740740745 0.01415625 0.024657407407407406
3 0.19972395833333334 0.7356203703703704 0.021921875 0.043666666666666666
3 0.160359375 0.5805833333333333 0.013473958333333334 0.030435185185185183
2 0.16489583333333335 0.5052037037037037 0.014854166666666667 0.02510185185185185
2 0.09517708333333334 0.4753981481481481 0.013026041666666667 0.025685185185185182
2 0.11223958333333334 0.44555555555555554 0.012177083333333333 0.022194444444444444
2 0.097484375 0.4456759259259259 0.011552083333333333 0.02275
2 0.07866145833333334 0.42636111111111114 0.012348958333333333 0.022861111111111113
2 0.71796875 0.4865092592592592 0.0125625 0.02263888888888889
2 0.69025 0.4462962962962963 0.010994791666666667 0.020324074074074074
1 0.6275520833333333 0.40664814814814815 0.024104166666666666 0.09359259259259259
2 0.6200520833333333 0.4128611111111111 0.011760416666666666 0.020555555555555556
2 0.621046875 0.4527685185185185 0.013067708333333334 0.023018518518518518
2 0.20910937500000001 0.3887685185185185 0.009307291666666667 0.025703703703703704
2 0.181453125 0.4308888888888889 0.012869791666666667 0.021842592592592594
1 0.3219427083333333 0.4106666666666666 0.029427083333333333 0.11112962962962962
1 0.36511979166666664 0.3946851851851852 0.027494791666666667 0.09656481481481483
1 0.5838854166666666 0.35094444444444445 0.025296875 0.08787037037037038
2 0.09479166666666666 0.40814814814814815 0.010635416666666668 0.020037037037037037
2 0.23979687500000002 0.4077222222222222 0.010661458333333334 0.025111111111111112
2 0.629328125 0.36800925925925926 0.006973958333333334 0.016203703703703703