1 0.5115364583333333 0.6558703703703704 0.0555625 0.22125925925925927
1 0.7578385416666666 0.6295555555555555 0.04621354166666667 0.19569444444444445
1 0.258609375 0.7057129629629629 0.06215104166666666 0.23924074074074073
1 0.3848020833333334 0.8742314814814814 0.07674479166666666 0.25152777777777774
1 0.389125 0.5908981481481481 0.047562499999999994 0.18639814814814815
1 0.8323020833333333 0.6464074074074074 0.05083333333333333 0.19375925925925924
1 0.6539322916666667 0.6276759259259259 0.04945833333333333 0.1905
1 0.7059531250000001 0.8605833333333333 0.12142708333333332 0.2788333333333333
1 0.7074583333333333 0.8819074074074075 0.07494270833333333 0.23619444444444446
1 0.13809375 0.8718981481481481 0.09570833333333333 0.2562037037037037
1 0.15497916666666667 0.6313148148148149 0.052515624999999996 0.2015185185185185
1 0.6270208333333334 0.4392407407407407 0.027119791666666667 0.11249074074074074
1 0.28742708333333333 0.49679629629629624 0.04564583333333334 0.14015740740740742
1 0.37268749999999995 0.44553703703703706 0.034317708333333335 0.12700925925925924
1 0.06731770833333334 0.5151574074074075 0.04431770833333334 0.1537037037037037
1 0.215265625 0.5573888888888889 0.049416666666666664 0.19387037037037036
1 0.43699479166666666 0.8113240740740741 0.074625 0.2678888888888889
1 0.12680208333333334 0.45084259259259263 0.037947916666666665 0.13162962962962962
1 0.2085 0.43405555555555553 0.03341145833333334 0.12108333333333335
1 0.14622395833333332 0.5088425925925926 0.04138541666666666 0.1512962962962963
1 0.23771354166666667 0.40700925925925924 0.03509375 0.12965740740740742
1 0.620609375 0.3671574074074074 0.019197916666666665 0.07103703703703704
1 0.59090625 0.38699074074074075 0.025166666666666667 0.08671296296296296
1 0.5736510416666667 0.35124074074074074 0.02127604166666667 0.08349074074074074
1 0.5522447916666666 0.3343703703703704 0.0195625 0.07272222222222223
0 0.2741979166666667 0.3886759259259259 0.024088541666666668 0.10591666666666667
1 0.3556666666666667 0.3714074074074074 0.0233125 0.08519444444444445
1 0.29332812500000005 0.3994166666666667 0.026567708333333332 0.09906481481481481
1 0.40578125000000004 0.3598518518518518 0.0240625 0.08487037037037037
0 0.3152135416666667 0.37260185185185185 0.021479166666666667 0.08385185185185186
1 0.24742708333333333 0.519037037037037 0.03788020833333334 0.16119444444444445
2 0.510796875 0.5617685185185185 0.017354166666666667 0.03150925925925926
2 0.7601770833333333 0.5469722222222222 0.014916666666666667 0.02962037037037037
2 0.4373697916666667 0.6970740740740741 0.023338541666666667 0.04005555555555555
2 0.20307291666666666 0.8887407407407407 0.031734375 0.06667592592592593
2 0.11955208333333332 0.7694444444444445 0.024307291666666668 0.05207407407407408
2 0.135859375 0.7849537037037037 0.022848958333333332 0.052814814814814814
2 0.26555208333333336 0.6039537037037037 0.017838541666666666 0.036166666666666666
2 0.707171875 0.7878148148148149 0.024729166666666667 0.047462962962962964
2 0.70728125 0.7459907407407407 0.028010416666666666 0.04940740740740741
2 0.39347916666666666 0.5146111111111111 0.015197916666666667 0.03292592592592593
2 0.12992708333333333 0.3978796296296296 0.012072916666666666 0.024435185185185185
2 0.07029166666666667 0.45219444444444445 0.011963541666666666 0.028555555555555556
2 0.15358854166666666 0.5468888888888889 0.016354166666666666 0.034194444444444444
2 0.6501041666666667 0.48264814814814816 0.012963541666666667 0.02538888888888889
2 0.22243229166666667 0.4998425925925926 0.011942708333333333 0.026185185185185186
2 0.37408854166666666 0.3950555555555556 0.009494791666666667 0.024935185185185185
2 0.24809895833333334 0.45169444444444445 0.013598958333333333 0.025425925925925928
2 0.8334791666666667 0.5655740740740741 0.015255208333333332 0.03001851851851852
2 0.6583333333333333 0.550537037037037 0.01578125 0.030277777777777782
3 0.15336979166666667 0.4474814814814815 0.011723958333333334 0.027324074074074077
2 0.38122395833333333 0.7704814814814814 0.0195 0.04299074074074074
2 0.6295833333333333 0.3919259259259259 0.008932291666666667 0.018509259259259257
2 0.21784375 0.4737314814814815 0.012166666666666666 0.026027777777777778
2 0.21105208333333333 0.4993518518518518 0.011046875000000001 0.023712962962962963
3 0.07861979166666666 0.4509166666666667 0.0066458333333333335 0.024712962962962964
2 0.29635416666666664 0.36 0.0079375 0.01987962962962963
3 0.7215625 0.4078981481481481 0.00990625 0.022212962962962962
3 0.756984375 0.4255185185185185 0.009088541666666667 0.02085185185185185
2 0.20977604166666666 0.38569444444444445 0.010567708333333333 0.02312962962962963