1 0.43918229166666667 0.8967592592592593 0.10224479166666667 0.20649074074074072
1 0.6126406249999999 0.8807777777777778 0.07268229166666668 0.23845370370370367
1 0.5789010416666667 0.5420648148148147 0.03955729166666667 0.15713888888888888
1 0.7041197916666667 0.5333148148148148 0.03679166666666667 0.1436111111111111
1 0.6652395833333333 0.543074074074074 0.03908333333333334 0.14491666666666667
1 0.6828072916666666 0.6689444444444445 0.048838541666666666 0.1980648148148148
1 0.7205520833333333 0.7398425925925926 0.063796875 0.21303703703703705
1 0.20587499999999997 0.5743333333333334 0.048359374999999996 0.17721296296296296
0 0.24303125 0.8258518518518518 0.05660416666666667 0.3003240740740741
0 0.24459895833333334 0.4627685185185185 0.029432291666666666 0.13639814814814816
1 0.085796875 0.527074074074074 0.04055729166666667 0.1532314814814815
1 0.0480625 0.44213888888888886 0.037078124999999997 0.12222222222222222
1 0.09209375 0.466037037037037 0.03885416666666666 0.13371296296296295
1 0.28744791666666664 0.4347592592592593 0.031223958333333336 0.11848148148148148
1 0.6398229166666667 0.4665185185185185 0.028880208333333334 0.1140462962962963
1 0.6092083333333334 0.4769537037037037 0.031484375 0.1245462962962963
1 0.46255729166666665 0.38484259259259257 0.020645833333333332 0.08406481481481481
1 0.33946354166666665 0.41484259259259254 0.028442708333333334 0.10406481481481482
2 0.60990625 0.7841018518518519 0.026093750000000002 0.04439814814814815
2 0.7331197916666666 0.7984444444444445 0.023713541666666667 0.05198148148148148
2 0.7198333333333333 0.6527592592592593 0.01971875 0.03849074074074074
2 0.6851302083333334 0.58575 0.015963541666666668 0.031083333333333334
2 0.42813541666666666 0.8311851851851851 0.02765625 0.05369444444444445
3 0.24139062500000003 0.695537037037037 0.02014583333333333 0.03766666666666667
2 0.26484375 0.63875 0.0190625 0.038240740740740735
2 0.734234375 0.9021203703703703 0.02996875 0.0545
2 0.5788697916666667 0.4744629629629629 0.01321875 0.023546296296296294
2 0.670546875 0.48324999999999996 0.012755208333333332 0.026055555555555557
2 0.7052812500000001 0.47242592592592597 0.011776041666666666 0.021342592592592594
2 0.09406770833333335 0.4100648148148148 0.011895833333333333 0.021592592592592594
2 0.020552083333333335 0.45099074074074075 0.011666666666666665 0.02352777777777778
2 0.02997395833333333 0.43117592592592596 0.010651041666666666 0.022805555555555555
2 0.014375 0.4290185185185185 0.0110625 0.02137037037037037
2 0.6408541666666667 0.4181944444444444 0.009901041666666667 0.017814814814814815
2 0.6108125 0.42574074074074075 0.012307291666666666 0.019805555555555555
2 0.6172083333333334 0.3991018518518518 0.010718749999999999 0.016759259259259262
2 0.08786458333333333 0.4612685185185185 0.012 0.02062962962962963
2 0.20580729166666664 0.43757407407407406 0.01103125 0.024731481481481483
2 0.20764583333333334 0.5022037037037037 0.014067708333333335 0.032935185185185185
3 0.24547395833333333 0.40579629629629627 0.0091875 0.02238888888888889
2 0.28983333333333333 0.3891759259259259 0.00865625 0.022601851851851852