1 0.28159375 0.6054444444444445 0.062322916666666665 0.2050648148148148
1 0.19179166666666667 0.5501481481481482 0.05741145833333334 0.19121296296296295
1 0.5785052083333333 0.36124999999999996 0.0309375 0.1078611111111111
1 0.7088697916666666 0.43080555555555555 0.03045833333333333 0.12885185185185186
1 0.6846770833333333 0.4448888888888889 0.025755208333333335 0.1250462962962963
1 0.499171875 0.30733333333333335 0.018494791666666666 0.08207407407407408
1 0.1338125 0.44107407407407406 0.04517708333333333 0.15357407407407409
1 0.253203125 0.35110185185185183 0.028645833333333332 0.10373148148148148
1 0.29753124999999997 0.34775 0.025848958333333335 0.10576851851851853
1 0.32375000000000004 0.3399537037037037 0.02584375 0.10503703703703704
1 0.9287472627452142 0.8254993499982602 0.9440667803325211 0.8275177751781747 0.9469037280338742 0.8466928143873629 0.9525776234365805 0.8466928143873628 0.9605210770003693 0.8477020269773201 0.9633580247017224 0.873941554316209 0.9735710364265935 0.8719231291362947 0.9792449318293 0.8396283262576619 0.9883231644736299 0.8355914758978329 0.9888905540139005 0.8123795863288157 0.9815144899903824 0.8022874604292429 0.9832166586111943 0.7599005316510378 0.9860536063125473 0.7467807679815932 0.9820818795306531 0.7205412406427043 0.9905927226347124 0.7185228154627897 0.9922948912555242 0.700356988843559 0.9854862167722768 0.6599884852452681 0.973003646886323 0.6569608474753963 0.973003646886323 0.621638406826892 0.9537124025171216 0.6216384068268919 0.9542797920573923 0.6620069104251827 0.9429320012519798 0.6720990363247553 0.9372581058492737 0.7023754140234735 0.9406624430908974 0.7225596658226188 0.9486058966546861 0.7205412406427042 0.9486058966546861 0.7326517917221915 0.9310168209062968 0.756872893881166 0.9366907163090031 0.8113703737388585 0.9225059778022372 0.8214624996384312
2 0.963953125 0.6418981481481482 0.018541666666666668 0.03851851851851852
1 0.9304494313660262 0.7629281694209096 0.9191016405606137 0.7558636812912086 0.9100234079162836 0.772011082730525 0.9009451752719536 0.7639373820108669 0.8964060589497885 0.7326517917221915 0.8992430066511418 0.6922832881239007 0.9060516811343893 0.6832003748142853 0.8986756171108712 0.6771450992745417 0.9060516811343893 0.6317305327264646 0.8992430066511418 0.6186107690570202 0.9088886288357423 0.6085186431574475 0.9173994719398018 0.6236568320068064 0.9247755359633199 0.603472580207661 0.9321515999868379 0.603472580207661 0.9338537686076498 0.573196202508943 0.9508754548157685 0.573196202508943 0.9542797920573923 0.6085186431574474 0.9633580247017224 0.6226476194168491 0.9542797920573924 0.6226476194168491 0.9542797920573924 0.6630161230151399 0.9440667803325212 0.6731082489147125 0.9372581058492737 0.7013662014335161 0.9400950535506268 0.7225596658226188 0.9474711175741449 0.7215504532326614 0.950308065275498 0.7326517917221915 0.932151599986838 0.7518268309313795
2 0.9420677083333333 0.5916481481481481 0.0166875 0.034185185185185187
1 0.6915631949490398 0.7049317980182391 0.6932848005910716 0.7800114867953175 0.6880599793153327 0.789304847066353 0.6927623184634977 0.8106795756897346 0.6880599793153327 0.818114263906563 0.700077068249532 0.8459943447196697 0.7047794073976966 0.8459943447196696 0.7053018895252705 0.8617930571804301 0.7194089069697652 0.8617930571804301 0.7173189784594698 0.8459943447196697 0.7340384065418336 0.8218316080149773 0.7340384065418336 0.7354033574943468 0.7314259959039643 0.7075232766812404 0.741353156327868 0.7075232766812404 0.7423981205830157 0.69172456422048 0.7345608886694076 0.6861485480578585 0.7303810316488166 0.6591978032718554 0.720453871224913 0.6368937386213702 0.7194089069697652 0.6127310019166778 0.6979871397392363 0.6145896739708849 0.6964196933565148 0.6591978032718554 0.6781328188914292 0.6610564753260626 0.6781328188914292 0.6749965157326159 0.6901499078256281 0.6815018679223408 0.6807452295292985 0.7056646046270331
2 0.7109166666666666 0.6346574074074074 0.01904166666666667 0.03976851851851852
1 0.7159887776380375 0.5759074011726444 0.7218921140506097 0.5806579711159274 0.7289118427031622 0.6093022138145944 0.7433642252231231 0.5835958421619445 0.743777150437979 0.5483413896097389 0.7635975607510682 0.5483413896097389 0.7644234111807803 0.5806579711159273 0.7697914389739087 0.5953473263460131 0.7693785137590525 0.6232571012831758 0.7685526633293406 0.6335396499442357 0.7718560650481886 0.6423532630822872 0.7821791954195892 0.63941539203627 0.7904376997167097 0.7113932326636898 0.7805274945601651 0.7202068458017411 0.777224092841317 0.7495855562619124 0.7681397381144845 0.7591336371614681 0.759055383387652 0.7554612983539467 0.7561649068836598 0.7378340720778439 0.7326281696368664 0.727551523416784 0.7276730670585941 0.7113932326636897 0.7330410948517224 0.7047830228101511 0.7417125243636988 0.7033140872871426 0.7404737487191309 0.6937660063875869 0.7346927957111464 0.6908281353415698 0.7322152444220104 0.6680596347349371 0.7214791888357538 0.6519013439818429 0.7210662636208978 0.6416187953207828 0.72602136619917 0.6298673111367143 0.7322152444220104 0.6298673111367143 0.7309764687774423 0.62399156904468 0.7173499366871935 0.6232571012831758 0.7173499366871935 0.6159124236681329 0.7235438149100338 0.6070988105300816 0.7148723853980573 0.6012230684380473
2 0.753625 0.5669259259259259 0.020614583333333332 0.03646296296296297
1 0.7655189358735801 0.5493577007828429 0.7699779690445003 0.5528276258376478 0.780568172825436 0.5280424468747554 0.781125551971801 0.5067271929666681 0.7958960993504743 0.507222896545926 0.7958960993504743 0.530025261191787 0.8064863031314098 0.5518362186791321 0.8137322320341553 0.55233192225839 0.8145683007537028 0.5622459938435469 0.8095518884364175 0.5672030296361252 0.8106666467291476 0.5954581336538224 0.8056502344118622 0.5944667264953069 0.8098305780095999 0.6137991660863628 0.8087158197168699 0.6227218305130039 0.8050928552654972 0.6242089412507775 0.8017485803873071 0.6475070094758962 0.8039780969727671 0.6474394486298136 0.8031420282532196 0.6737117383304794 0.7961747889236567 0.691061363604504 0.7875354121549987 0.694035585080051 0.782240310264531 0.642978116416493 0.7780599666667932 0.6409953020994617 0.772486175203143 0.6424824128372352 0.766076315019945 0.6290984161972732 0.7694205898981353 0.6082788658684438 0.7699779690445003 0.5934077584907085 0.7646828671540326 0.5829979833262937 0.763846798434485 0.5473748864658114
2 0.7882760416666666 0.5228796296296296 0.015166666666666667 0.03059259259259259
1 0.4167872985810667 0.4394703476135706 0.42213392916970044 0.4335918464103905 0.4304784098001244 0.43696509205844997 0.43161629352245495 0.46327640811331405 0.4373057121341076 0.46462570637253786 0.43692641755999745 0.4747454433167163 0.43958147957876875 0.48014263635361143 0.4388228904305483 0.5044300050196397 0.4414779524493195 0.5368131632410109 0.4422365415975399 0.569196321462382 0.4456501927645315 0.5698709705919939 0.44527089819042137 0.5766174618881128 0.43427135554122626 0.5833639531842318 0.42744405320724305 0.6083259709798721 0.4206167508732598 0.6042780762022008 0.4149273322616071 0.5860625497026796 0.41303085939105616 0.5793160584065605 0.40620355705707295 0.5739188653696653 0.40620355705707306 0.5509807949628608 0.40127272759364074 0.5408610580186823 0.39672119270431855 0.5422103562779061 0.39672119270431855 0.5132004437045945 0.40544496790885265 0.5044300050196397 0.393307541537327 0.4929609698162376 0.39368683611143707 0.48486518026089476 0.3989969601489796 0.4855398293905066 0.39292824696321677 0.4733961450574925 0.39747978185253896 0.46597500463176167 0.40316920046419163 0.47069754853904494 0.40620355705707306 0.4828412328720591 0.41378944853927657 0.46462570637253786 0.41378944853927657 0.4457355307434047
1 0.3675155104978348 0.7357427066340891 0.37282563453537737 0.7330441101156415 0.37661858027647915 0.7539582331336104 0.40241061131597117 0.7748723561515793 0.4096172082240646 0.7721737596331317 0.41227227024283586 0.7445131453190439 0.42099604544736996 0.7391159522821488 0.41644451055804776 0.7134792853568965 0.41682380513215794 0.7033595484127181 0.42023745629914955 0.6999863027646587 0.41947886715092925 0.6790721797466899 0.4259268749108023 0.658158056728721 0.41909957257681907 0.6284734950257974 0.4206167508732598 0.6163298106927833 0.41568592140982746 0.5798987576937408 0.40544496790885265 0.5738269155272337 0.40544496790885265 0.5400944590466388 0.3883767120738946 0.5421184064354745 0.38799741749978445 0.5724776172680098 0.37737716942469945 0.5859705998602478 0.37206704538715696 0.5879945472490835 0.35992961901563125 0.5886691963786954 0.36030891358974143 0.5994635824524858 0.367894805071945 0.6068847228782167 0.36903268879427553 0.6089086702670524 0.35992961901563125 0.6224016528592904 0.36182609188618214 0.6338706880626926 0.3709291616648264 0.6325213898034688 0.3701705725166061 0.6487129689141543 0.36523974305317375 0.6595073549879447 0.36827409964605523 0.6831200745243611 0.3641018593308432 0.70403419754233 0.3701705725166061 0.7060581449311657 0.36979127794249583 0.7148285836161202 0.36258468103440245 0.730345513597194 0.3667569213496144 0.736417355763701
2 0.39766666666666667 0.5581203703703703 0.017171875 0.03266666666666667
2 0.2907083333333333 0.4877592592592592 0.014010416666666666 0.031157407407407404
2 0.200453125 0.47911111111111115 0.017130208333333334 0.030935185185185184
1 0.2332215450298369 0.4046943024660187 0.24597991067323885 0.40614280672205166 0.24597991067323885 0.43221588333064576 0.2497802749074437 0.43800990035477777 0.24733718361402632 0.48774187981191097 0.2511375478482312 0.494018731588054 0.25059463867191617 0.5360253550130111 0.23973645514561662 0.5770663089339463 0.23267863585352191 0.5722379614138363 0.2351217271469393 0.5572700841014953 0.2356646363232543 0.5538902408374182 0.23485027255878183 0.5345768507569781 0.23892209138114415 0.5022269223722411 0.23647900008772674 0.48243069753979 0.23647900008772674 0.476636680515658 0.2400079097337741 0.47325683725158096 0.23892209138114415 0.4621516379553279 0.23485027255878183 0.44476958688293183 0.2269780895022146 0.4413897436188548 0.22724954409037218 0.4355957265947228 0.23349299961799438 0.4307673790746128
2 0.23935937499999999 0.41864814814814816 0.012526041666666666 0.025675925925925925
2 0.42052604166666663 0.4589259259259259 0.012942708333333334 0.02723148148148148
2 0.13738541666666665 0.38075 0.013078125 0.033490740740740745
2 0.06441145833333334 0.4140277777777778 0.014593749999999999 0.03188888888888889
1 0.06464010095750503 0.3964374904199714 0.07591914180978748 0.35893033539086616 0.07886150029299159 0.3449741846823619 0.08450102071913283 0.34279353613415814 0.08621739650100188 0.3292735151352946 0.09479927541034726 0.3292735151352946 0.09725124081301734 0.34061288758595437 0.09504447195061426 0.3506438709076918 0.09970320621568746 0.3523883897462548 0.10240036815862456 0.36067485422942924 0.10264556469889156 0.37463100493793344 0.10068399237675549 0.38073682087290406 0.10190997507809055 0.3960013607103306 0.10583311972236269 0.40167104693566047 0.10141958199755652 0.42042462445021306 0.09872242005461941 0.4317639969008728 0.10141958199755652 0.4335085157394358 0.10166477853782353 0.4383059425454841 0.09774163389355137 0.4396143316744064 0.09798683043381838 0.4605485577371628 0.09406368578954623 0.4675266330914149 0.08768857574260397 0.47930213525171533 0.08204905531646274 0.4766853569938708 0.08204905531646274 0.4718879301878225 0.07739032105138954 0.4705795410589002 0.0739575694876514 0.4614208171564443 0.07567394526952048 0.45051757441542534 0.07739032105138954 0.44790079615758077 0.07420276602791841 0.4282749592237467 0.07027962138364625 0.4252220512562614 0.06978922830311225 0.4147549382248832 0.07224119370578234 0.4099575114188348 0.06660167327964112 0.3955652310006898
2 0.082921875 0.3575740740740741 0.0131875 0.02323148148148148
1 0.24624864832237817 0.43054439590839055 0.24812330231354324 0.42187373519991267 0.2514182214273283 0.418677014765351 0.2514182214273283 0.3909721043324834 0.26369928357870875 0.39043931759338985 0.2633997454774556 0.42027537498263184 0.26849189319875966 0.42400488215628707 0.27148727421129154 0.4415868445463761 0.272086350413798 0.45437372628462275 0.2699895837050256 0.45757044671918434 0.27298496471755745 0.46769339476196287 0.2699895837050256 0.482611423456584 0.2687914313000129 0.4884720775866136 0.27148727421129154 0.5001933858466729 0.2711877361100383 0.5172425614976685 0.26579605028748104 0.5278982962795404 0.26429835978121513 0.5348245238877574 0.2580080596548983 0.5476114056260041 0.25561175484487286 0.5481441923650976 0.25261637383234103 0.5406851780177871 0.24962099281980918 0.5396196045395999 0.25111868332607507 0.4890048643257072 0.24752422611103692 0.48420978367386475 0.249321454718556 0.4362589771554401
2 0.25727083333333334 0.4047962962962963 0.012552083333333333 0.02758333333333333
0 0.20647660062021186 0.4612119989558441 0.21187919206190814 0.44425077824184417 0.21637226358070588 0.44211963128546977 0.21667180168195904 0.4170786545480702 0.22955194003584592 0.4165458678089766 0.22985147813709914 0.44318520476365697 0.23494362585840323 0.44584913845912505 0.23943669737720097 0.46236552737102676 0.24093438788346688 0.4767507693265542 0.2370403925671755 0.4767507693265542 0.23644131636466914 0.482611423456584 0.23943669737720094 0.5012589593248602 0.23973623547845413 0.5097835471503578 0.23524316395965642 0.5348245238877574 0.23644131636466914 0.5635950077988122 0.23434454965589685 0.5795786099716206 0.23793900687093508 0.5875704110580245 0.22985147813709914 0.5886359845362118 0.22775471142832682 0.6014228662744584 0.22266256370702273 0.6014228662744584 0.22086533509950362 0.562529434320625 0.21966718269449087 0.5518736995387528 0.2160727254794527 0.5422835382350679 0.22056579699825044 0.5342917371486637 0.21846903028947817 0.5262999360622597 0.21846903028947817 0.5151114145412938 0.21277780636566768 0.49113601128208156 0.2088838110493763 0.4884720775866136 0.2088838110493763 0.46343110084921396
3 0.22294791666666666 0.4290555555555556 0.014265625 0.02485185185185185
1 0.19949443909384665 0.356595850463186 0.2082477229193479 0.35113254845136516 0.2082477229193479 0.33375049737896917 0.21883445185748995 0.33471616688299116 0.21937736103380492 0.35547806121946424 0.2250779073851122 0.36030640873957426 0.22372063444432477 0.3844481463401243 0.22209190691537983 0.38637948534816835 0.22182045232722233 0.3936220066283334 0.22209190691537983 0.40424437117257533 0.21231954174171022 0.4230749265010045 0.21177663256539525 0.4443196555894885 0.20336154033251308 0.4486651683575875 0.2003755398627807 0.45735619389378557 0.19657517562857585 0.4568733591417745 0.19386062974700097 0.4385256385653565 0.19603226645226085 0.42259209174899337 0.19358917515884347 0.4221092569969824 0.1952179026877884 0.41052122294871835 0.1944035389233159 0.3950705108843663 0.1995611760983082 0.3912078328682783 0.20010408527462317 0.3883108243562123 0.19684663021673335 0.38444814634012425 0.19196044762989853 0.38396531158811326 0.19168899304174106 0.37768845981197025 0.19440353892331594 0.37623995555593726 0.1984753577456783 0.36610042576370616
2 0.21348958333333332 0.3466018518518518 0.010442708333333333 0.023453703703703702
2 0.27978125 0.5168611111111111 0.015854166666666666 0.02712037037037037
1 0.6312395833333333 0.4257037037037037 0.0300625 0.08262037037037037
2 0.6319010416666667 0.3945648148148148 0.011286458333333334 0.019601851851851853
2 0.6635989583333333 0.41114814814814815 0.011432291666666667 0.02036111111111111
2 0.6861927083333333 0.39233333333333337 0.010114583333333335 0.01837037037037037
2 0.6640260416666667 0.3435185185185185 0.009255208333333332 0.01848148148148148
0 0.39455729166666664 0.3098240740740741 0.018291666666666664 0.08149074074074074
1 0.36389214417862054 0.391941506070259 0.37166445831823475 0.38733032498058106 0.372070150328811 0.3808359060656485 0.37511284040813364 0.38083590606564854 0.3761270704345744 0.3772278955573526 0.3807925285562023 0.3779494976590118 0.37835837649274423 0.36748626718495364 0.38038683654562594 0.3440341988810304 0.3775469924715916 0.3397045862710752 0.37835837649274423 0.33357096840697226 0.3814010665720668 0.33248856525448345 0.3809953745614905 0.3299629578986763 0.37957545252447333 0.3281589526445283 0.37998114453504966 0.3202213295262774 0.3781555304874562 0.30867569589973054 0.37288153434996374 0.3050676853914346 0.3738957643764046 0.2935220517648877 0.37085307429708203 0.2877492349516143 0.36740469220718314 0.28774923495161425 0.36375346411199605 0.2920788475615693 0.36415915612257244 0.30218127698479785 0.36415915612257244 0.3043460832897754 0.36253638808026706 0.30723249169641215 0.35908800599036816 0.3223861358312549 0.3536111638475876 0.32491174318706206 0.35604531591104566 0.33068456000033547 0.35604531591104566 0.33284936630531303 0.36030508202209716 0.33429257050863137 0.36111646604324993 0.33826138206775686 0.356451007921622 0.34295179572854156 0.35908800599036816 0.37109427769324954 0.356451007921622 0.3743414871507159 0.36111646604324993 0.3772278955573526 0.3627392340855552 0.3804751050148189
1 0.3560453159110456 0.3761700797038884 0.3536111638475876 0.3779740849580364 0.3536111638475876 0.38410770282213946 0.3501627817576887 0.3833861007204803 0.34975708974711234 0.37689168180554766 0.348134321704807 0.37725248285637725 0.3473229376836544 0.3848293049237986 0.3436717095884673 0.3848293049237986 0.3436717095884673 0.37761328390720683 0.33981763548799204 0.36462444607734157 0.34083186551443295 0.3599340324165569 0.34002048149328024 0.3357603620109743 0.34083186551443295 0.3303483462485305 0.33677494540866953 0.32746193784189376 0.3392090974721276 0.3198851157744724 0.3410347115197211 0.3198851157744724 0.3416432495355856 0.3148339010628582 0.34488878562019637 0.3029274663854816 0.346917245673078 0.2946290422164011 0.35219124181057043 0.29066023065727564 0.35705954593748657 0.29102103170810517 0.35847946797450364 0.3065354768937775 0.36050792802738546 0.31086508950373265 0.3590880059903681 0.3234931262827683 0.35178554979999405 0.32493633048608667 0.3556396239004692 0.3299875451977009 0.356451007921622 0.3335955557059968 0.35969654400623263 0.3335955557059968 0.3615221580538262 0.33828596936678146 0.3566538539269101 0.34333718407839575 0.35949369800094455 0.37075806394144456
2 0.0454375 0.3981111111111111 0.012901041666666667 0.03067592592592593
2 0.23241666666666666 0.381462962962963 0.011380208333333334 0.02398148148148148
2 0.6127187500000001 0.4419259259259259 0.012447916666666666 0.023453703703703702
3 0.7092447916666667 0.37792592592592594 0.0118125 0.02263888888888889