1 0.4140052083333333 0.8871944444444444 0.08003645833333332 0.22560185185185186
1 0.3163385416666667 0.8493796296296297 0.08705208333333332 0.3012407407407407
1 0.4728333333333333 0.5767222222222222 0.050171875 0.17975
1 0.8495677083333334 0.8855462962962963 0.08700520833333333 0.22889814814814816
1 0.8160885416666667 0.5692407407407407 0.039031249999999997 0.16452777777777777
1 0.7802291666666666 0.5803703703703703 0.045484375 0.1493888888888889
1 0.7633020833333333 0.6962314814814814 0.064453125 0.22153703703703703
1 0.1833125 0.46623148148148147 0.037765625000000004 0.1377037037037037
1 0.09835416666666667 0.5014722222222222 0.04413020833333334 0.15743518518518518
1 0.34207812499999996 0.4006574074074074 0.030630208333333336 0.10793518518518518
1 0.3054479166666667 0.3780555555555556 0.024395833333333335 0.10382407407407407
1 0.40124479166666666 0.37757407407407406 0.02321875 0.09382407407407407
1 0.3678489583333333 0.43586111111111114 0.032703125 0.1208148148148148
1 0.22936979166666666 0.42657407407407405 0.03461979166666666 0.1268611111111111
1 0.6123125 0.47922222222222216 0.029046875000000003 0.12716666666666668
1 0.649265625 0.4337962962962963 0.02704166666666667 0.11010185185185185
1 0.6513177083333334 0.5338333333333333 0.039802083333333335 0.14384259259259258
1 0.5945 0.4485462962962963 0.02871875 0.12716666666666668
0 0.28384375 0.6535740740740741 0.044598958333333334 0.22870370370370371
0 0.1381875 0.44104629629629627 0.03241145833333333 0.12290740740740741
1 0.12051562499999999 0.4056388888888889 0.029072916666666667 0.11202777777777777
2 0.7529427083333334 0.9236388888888889 0.029739583333333333 0.05831481481481481
2 0.8488645833333333 0.7929907407407407 0.025187499999999998 0.04507407407407407
2 0.5577135416666666 0.5842037037037038 0.01738020833333333 0.037453703703703704
2 0.41370312499999995 0.7986851851851853 0.024880208333333334 0.04935185185185185
2 0.31777083333333334 0.7382592592592593 0.024723958333333334 0.04842592592592592
2 0.7737916666666667 0.6082314814814814 0.01756770833333333 0.03553703703703704
2 0.6081979166666667 0.6262592592592593 0.019864583333333335 0.032907407407407406
3 0.28601041666666666 0.5543148148148148 0.01534375 0.030944444444444445
1 0.558828125 0.35862037037037037 0.019192708333333332 0.08207407407407408
1 0.5765885416666666 0.37747222222222226 0.022166666666666668 0.08929629629629629
2 0.47698958333333336 0.5022592592592593 0.01425 0.031111111111111114
2 0.7877500000000001 0.520962962962963 0.014552083333333334 0.023898148148148148
3 0.820921875 0.5001203703703704 0.015072916666666667 0.025666666666666664
2 0.6481250000000001 0.5664166666666667 0.016578125 0.029518518518518517
2 0.100484375 0.441037037037037 0.012796875000000001 0.032
2 0.18707291666666667 0.4110925925925926 0.011489583333333333 0.027129629629629632
2 0.22897395833333334 0.3755833333333333 0.009963541666666666 0.02412962962962963
2 0.36974999999999997 0.3864259259259259 0.010375 0.02299074074074074
2 0.2690364583333333 0.36246296296296293 0.009489583333333333 0.02287962962962963
2 0.5444791666666667 0.8828240740740741 0.028072916666666666 0.04866666666666667
2 0.6539479166666666 0.47381481481481486 0.012635416666666668 0.02327777777777778
2 0.6140885416666666 0.42685185185185187 0.010864583333333334 0.02185185185185185
2 0.6510989583333333 0.3871851851851852 0.008708333333333334 0.01649074074074074
2 0.5990677083333333 0.39455555555555555 0.01078125 0.017694444444444443