1 0.5501041666666667 0.8740092592592592 0.09213020833333332 0.2519814814814815
1 0.7275729166666667 0.8222222222222222 0.063765625 0.26805555555555555
1 0.547109375 0.5913981481481482 0.046885416666666666 0.1865
1 0.35430729166666663 0.7913148148148148 0.12863541666666667 0.27081481481481484
1 0.21122395833333335 0.845675925925926 0.08600520833333333 0.30863888888888885
1 0.8281458333333334 0.6317499999999999 0.05076041666666666 0.18210185185185185
1 0.7274114583333334 0.5786018518518519 0.03960416666666667 0.16872222222222222
1 0.6267812500000001 0.5521388888888888 0.04108333333333333 0.15619444444444444
1 0.315859375 0.49401851851851847 0.04047916666666666 0.14396296296296296
1 0.16135416666666666 0.5984259259259259 0.052036458333333334 0.18899074074074076
1 0.09363020833333334 0.45728703703703705 0.032375 0.1206111111111111
1 0.12222916666666667 0.5564444444444445 0.04643229166666667 0.16758333333333333
1 0.060812500000000005 0.4727777777777778 0.0386875 0.13687037037037036
1 0.2568697916666667 0.7470462962962963 0.059765625 0.24463888888888888
1 0.25490104166666666 0.5215092592592593 0.042229166666666665 0.15039814814814814
1 0.7612708333333333 0.5520462962962963 0.03690104166666666 0.14825925925925926
1 0.3095625 0.39287962962962963 0.024213541666666668 0.09352777777777778
1 0.34885416666666663 0.3942685185185185 0.026223958333333335 0.10168518518518518
1 0.199671875 0.47053703703703703 0.034703124999999994 0.13277777777777777
0 0.10753125000000001 0.8819907407407407 0.07653125 0.23601851851851852
3 0.10004687500000001 0.7893611111111111 0.02646875 0.049962962962962966
2 0.34756250000000005 0.9508055555555555 0.032875 0.05897222222222222
2 0.6349947916666667 0.9695925925925927 0.03326041666666667 0.06081481481481482
2 0.5455208333333333 0.775037037037037 0.025828125 0.053425925925925925
2 0.7261145833333333 0.7089722222222222 0.022447916666666668 0.04019444444444444
2 0.7307760416666667 0.5072129629629629 0.013989583333333333 0.024916666666666667
2 0.3577291666666667 0.6800555555555556 0.02411458333333333 0.04894444444444444
2 0.20719270833333334 0.7148888888888889 0.022942708333333332 0.04633333333333333
0 0.28470833333333334 0.3844166666666667 0.023734375 0.0934537037037037
1 0.25926041666666666 0.42360185185185184 0.029244791666666665 0.10202777777777777
2 0.8321197916666667 0.5559722222222223 0.015302083333333332 0.03126851851851852
3 0.25603125 0.6416111111111111 0.01796354166666667 0.034694444444444444
2 0.16898958333333333 0.5184166666666666 0.014875 0.030212962962962966
2 0.126109375 0.4859907407407407 0.013286458333333334 0.027824074074074074
2 0.26866666666666666 0.5645092592592592 0.015250000000000001 0.027972222222222225
2 0.5456875 0.5121111111111112 0.015239583333333334 0.027287037037037037
2 0.6299114583333334 0.48916666666666664 0.012364583333333333 0.02539814814814815
2 0.16809375000000001 0.46185185185185185 0.011895833333333333 0.02462962962962963
2 0.154 0.46185185185185185 0.012744791666666666 0.02462962962962963
2 0.14711458333333333 0.44475 0.011421875 0.025296296296296296
2 0.3168802083333333 0.43603703703703706 0.010723958333333334 0.026944444444444444
1 0.588578125 0.3684907407407408 0.021604166666666664 0.07599074074074073
1 0.5752343750000001 0.34514814814814815 0.016666666666666666 0.06978703703703704
1 0.5575208333333334 0.32725925925925925 0.019192708333333332 0.06730555555555555
1 0.38499479166666667 0.37873148148148145 0.024286458333333334 0.09211111111111112
1 0.48178645833333333 0.3433425925925926 0.020317708333333333 0.06512962962962963
2 0.7611927083333333 0.4898611111111111 0.013640625 0.02362037037037037
2 0.628125 0.4381388888888889 0.011973958333333333 0.02447222222222222
2 0.22170833333333334 0.7283981481481481 0.011057291666666667 0.044305555555555556
1 0.21509375 0.41685185185185186 0.030588541666666667 0.11921296296296297
2 0.2588229166666667 0.4582222222222222 0.013885416666666667 0.02325
2 0.09552083333333333 0.4086388888888889 0.010531249999999999 0.023074074074074077
2 0.06277083333333333 0.41715740740740737 0.012046875 0.026425925925925926
2 0.17024999999999998 0.4262222222222222 0.011276041666666665 0.02049074074074074