1 0.5211354166666667 0.8370277777777778 0.08638541666666667 0.23024074074074075
1 0.8028697916666666 0.8822500000000001 0.08527604166666666 0.23550925925925925
1 0.6309322916666668 0.8168055555555556 0.06535416666666667 0.2657407407407407
1 0.8260416666666667 0.7317777777777779 0.07225 0.23086111111111113
1 0.7074114583333333 0.8462777777777778 0.07508854166666666 0.2940185185185185
1 0.6647031250000001 0.5971111111111111 0.041265625 0.17033333333333334
1 0.6790729166666666 0.4960462962962963 0.03295833333333333 0.13512962962962963
1 0.9349322916666666 0.6946296296296297 0.05953125 0.20219444444444445
1 0.70865625 0.6631759259259259 0.056666666666666664 0.1865
1 0.5913645833333334 0.5070462962962963 0.03555208333333334 0.14666666666666667
1 0.6196458333333333 0.49173148148148155 0.03181770833333333 0.1282962962962963
1 0.08684375000000001 0.6116851851851852 0.05158854166666667 0.20050925925925928
1 0.12178125 0.5170925925925927 0.04015104166666667 0.15713888888888888
1 0.16786979166666666 0.47290740740740744 0.04141145833333334 0.1453796296296296
1 0.24963541666666667 0.4474074074074074 0.03505729166666667 0.12915740740740742
1 0.29997395833333335 0.4229074074074074 0.028989583333333332 0.11193518518518518
0 0.20507291666666666 0.4815185185185185 0.03478645833333334 0.14968518518518517
0 0.2655416666666667 0.7648796296296296 0.05591666666666666 0.2755648148148148
1 0.9660989583333334 0.6603333333333333 0.03290625 0.19820370370370372
2 0.8329270833333333 0.6362592592592592 0.019848958333333333 0.03846296296296296
2 0.6298802083333332 0.7049537037037037 0.023786458333333333 0.04165740740740741
2 0.7096614583333333 0.5883703703703704 0.017249999999999998 0.03625
2 0.518 0.7571574074074074 0.025421875 0.04872222222222222
2 0.2795625 0.5948425925925925 0.016947916666666667 0.036787037037037035
2 0.08929166666666667 0.5289444444444444 0.015744791666666667 0.03658333333333333
2 0.7083906249999999 0.721574074074074 0.021291666666666667 0.043083333333333335
2 0.8128541666666667 0.7982222222222223 0.02868229166666667 0.050555555555555555
2 0.9486614583333334 0.6150648148148148 0.016489583333333332 0.03167592592592593
2 0.6657291666666667 0.5261388888888889 0.014765625000000001 0.027703703703703706
3 0.26252083333333337 0.6463055555555556 0.020369791666666668 0.03579629629629629
2 0.6826927083333333 0.4394814814814815 0.010744791666666666 0.021796296296296296
2 0.6229322916666666 0.43842592592592594 0.01096875 0.021175925925925928
2 0.5904479166666667 0.44560185185185186 0.011708333333333333 0.022407407407407407
2 0.9702395833333333 0.5767685185185185 0.01590625 0.028092592592592593
2 0.9581614583333333 0.5777037037037037 0.012833333333333334 0.028601851851851854
3 0.20677604166666666 0.41936111111111113 0.010104166666666666 0.02421296296296296
2 0.250859375 0.39752777777777776 0.010098958333333333 0.025824074074074076
2 0.12712500000000002 0.4557777777777778 0.013041666666666667 0.028888888888888888
2 0.16698437500000002 0.4217314814814815 0.012234374999999999 0.028925925925925924
1 0.4434635416666667 0.39355555555555555 0.025666666666666667 0.09293518518518519
1 0.37259375 0.3979814814814815 0.027817708333333333 0.09437037037037037
2 0.02078645833333333 0.4184074074074074 0.012744791666666666 0.02014814814814815
2 0.5979375 0.3946574074074074 0.008734374999999999 0.018083333333333333