1 0.6251874999999999 0.8606759259259259 0.06693229166666666 0.27864814814814814
1 0.4858854166666667 0.8791296296296297 0.09512499999999999 0.24173148148148146
1 0.9438645833333333 0.777962962962963 0.08880208333333334 0.24651851851851853
1 0.7762291666666666 0.9065277777777777 0.08464583333333334 0.18693518518518518
1 0.724703125 0.8667314814814815 0.07953125 0.2665277777777778
1 0.15472395833333333 0.5904351851851851 0.052458333333333336 0.18433333333333335
0 0.22888020833333333 0.47062037037037036 0.03259375 0.1419074074074074
1 0.5849947916666667 0.5239907407407407 0.03661458333333333 0.15089814814814814
1 0.6736302083333333 0.6297962962962963 0.0446875 0.18282407407407406
1 0.6931302083333333 0.5139814814814815 0.033979166666666664 0.13914814814814816
1 0.6372916666666666 0.5163796296296297 0.036229166666666666 0.13567592592592592
1 0.6025625 0.45787962962962964 0.02940104166666667 0.11803703703703704
1 0.05383854166666667 0.49977777777777777 0.037848958333333335 0.1334537037037037
0 0.25457291666666665 0.7839722222222223 0.05485416666666666 0.26858333333333334
1 0.7188229166666668 0.6977314814814815 0.060822916666666664 0.19564814814814815
2 0.6228958333333333 0.7428796296296296 0.024166666666666666 0.04138888888888889
2 0.7236666666666667 0.7585277777777778 0.023651041666666664 0.04997222222222222
2 0.9529322916666667 0.6757777777777778 0.022583333333333334 0.042805555555555555
2 0.7841041666666667 0.8482685185185185 0.029322916666666664 0.052175925925925924
2 0.719046875 0.6191851851851852 0.019421874999999998 0.03737037037037037
2 0.4788229166666667 0.7939444444444445 0.02578125 0.052981481481481484
3 0.25740625 0.6693148148148148 0.019515624999999998 0.04119444444444444
2 0.273375 0.6160925925925926 0.017541666666666667 0.037925925925925925
3 0.23072916666666668 0.41103703703703703 0.009822916666666666 0.022425925925925926
2 0.6753281250000001 0.5536296296296296 0.015375 0.029064814814814814
2 0.6432239583333333 0.4599722222222222 0.011000000000000001 0.022324074074074073
2 0.69596875 0.45563888888888887 0.010807291666666666 0.020583333333333335
1 0.27084895833333333 0.4408611111111111 0.032192708333333334 0.12312962962962962
1 0.32081770833333334 0.4169351851851852 0.028234375 0.11002777777777778
1 0.623859375 0.4450277777777778 0.023921875 0.10523148148148148
2 0.15902604166666665 0.5160833333333333 0.015213541666666667 0.034712962962962966
2 0.05531770833333333 0.44269444444444445 0.011619791666666665 0.019472222222222224
2 0.042109375 0.3915277777777778 0.011182291666666667 0.01938888888888889
2 0.17353125 0.4448611111111111 0.010869791666666666 0.027537037037037037
2 0.6232343749999999 0.40085185185185185 0.008473958333333333 0.01587962962962963
2 0.585796875 0.45908333333333334 0.012359375 0.021175925925925928
2 0.6052135416666666 0.41025 0.010291666666666668 0.01963888888888889
3 0.7520052083333333 0.42150925925925925 0.009552083333333333 0.024101851851851853
3 0.7644375 0.43821296296296297 0.010119791666666666 0.023314814814814816
2 0.2722447916666667 0.3935740740740741 0.009796875 0.025231481481481483