1 0.65609375 0.8225648148148148 0.07455729166666666 0.2800092592592593
1 0.9714218750000001 0.7974074074074075 0.05715625 0.2629351851851852
1 0.86709375 0.7101759259259259 0.079203125 0.22435185185185186
1 0.78959375 0.6695 0.05994270833333334 0.2175
1 0.48823958333333334 0.7401296296296297 0.07090104166666666 0.25819444444444445
1 0.5377760416666667 0.5751944444444445 0.049 0.18252777777777776
1 0.35008854166666664 0.6777962962962962 0.06211979166666667 0.23092592592592592
1 0.22603125000000002 0.600037037037037 0.062453125 0.2062962962962963
1 0.318671875 0.5142777777777777 0.043796875 0.17412962962962963
1 0.21086458333333333 0.42530555555555555 0.040901041666666665 0.13928703703703704
1 0.12535416666666668 0.48211111111111105 0.04530208333333333 0.16049074074074074
1 0.6372083333333334 0.4649537037037037 0.03433854166666667 0.08746296296296295
1 0.678015625 0.5138055555555555 0.042796875 0.15807407407407406
1 0.7024010416666666 0.4775277777777778 0.02653125 0.13067592592592592
1 0.7239895833333333 0.4605925925925926 0.03211979166666667 0.13564814814814816
1 0.6556666666666667 0.4188148148148148 0.030609375 0.12074074074074075
1 0.5871666666666666 0.3796759259259259 0.030796875 0.11019444444444446
1 0.2710104166666667 0.5203611111111112 0.034583333333333334 0.17838888888888887
1 0.4973645833333334 0.30383333333333334 0.018979166666666665 0.07642592592592592
1 0.37905208333333335 0.33864814814814814 0.025 0.0964351851851852
1 0.31616666666666665 0.34373148148148147 0.025812500000000002 0.09981481481481481
1 0.260859375 0.3464074074074074 0.0260625 0.10010185185185184
2 0.49128645833333334 0.6301388888888888 0.019786458333333333 0.036888888888888895
2 0.6481458333333333 0.7049351851851853 0.022390625 0.04549074074074074
2 0.9870677083333333 0.6882685185185186 0.023203124999999998 0.044620370370370366
2 0.8678854166666666 0.6172685185185185 0.022661458333333332 0.03930555555555556
2 0.792140625 0.5770277777777778 0.016421875 0.032574074074074075
2 0.33652604166666666 0.5394722222222222 0.015052083333333332 0.034351851851851856
2 0.323359375 0.4414074074074074 0.01309375 0.028907407407407406
2 0.23070312499999998 0.5247037037037037 0.017385416666666667 0.03443518518518518
2 0.2694479166666667 0.44431481481481483 0.012807291666666666 0.026083333333333333
2 0.6095104166666666 0.4823518518518519 0.013979166666666666 0.0287962962962963
3 0.24677083333333333 0.4584722222222222 0.012130208333333333 0.02323148148148148
2 0.35321354166666663 0.5766018518518519 0.018005208333333335 0.02637037037037037
2 0.21213020833333335 0.3705740740740741 0.013786458333333333 0.0285
1 0.07656770833333333 0.4641388888888889 0.04355208333333334 0.1565185185185185
2 0.07657291666666667 0.4012777777777778 0.011776041666666666 0.03037962962962963
2 0.10775520833333332 0.38280555555555557 0.012197916666666668 0.029157407407407406
2 0.13246354166666668 0.4167592592592593 0.013536458333333333 0.029203703703703704
2 0.7230000000000001 0.4054537037037037 0.014546874999999999 0.024333333333333335
2 0.6381145833333334 0.43203703703703705 0.011682291666666667 0.021592592592592594
2 0.6839427083333334 0.4505462962962963 0.012125 0.023814814814814813
2 0.7016510416666667 0.42137037037037034 0.011552083333333333 0.01838888888888889
2 0.6564895833333334 0.36773148148148144 0.008598958333333333 0.019759259259259258
2 0.5886458333333333 0.33349074074074075 0.011171875 0.018453703703703705
2 0.54671875 0.5099722222222222 0.014244791666666668 0.03014814814814815
2 0.13955208333333333 0.3531481481481481 0.010067708333333333 0.023490740740740743
1 0.27868750000000003 0.3814166666666667 0.032421875 0.10024074074074074
2 0.2826302083333333 0.34282407407407406 0.009869791666666666 0.021046296296296296
2 0.257328125 0.3069074074074074 0.005791666666666666 0.019777777777777776
2 0.26428125 0.3075277777777778 0.008109375 0.020185185185185184
2 0.08569791666666667 0.40627777777777774 0.009833333333333333 0.024148148148148148