1 0.7202552083333333 0.8584907407407407 0.06874479166666667 0.28301851851851856
1 0.5317760416666667 0.608037037037037 0.051468749999999994 0.19699999999999998
1 0.19042187500000002 0.8540648148148148 0.08999479166666666 0.29187962962962966
1 0.30280729166666664 0.7930277777777778 0.06316666666666666 0.2670185185185185
1 0.8744010416666667 0.6602037037037037 0.05504166666666667 0.1958888888888889
1 0.7921666666666667 0.5775462962962963 0.043166666666666666 0.16280555555555556
1 0.73528125 0.5918981481481481 0.043640625 0.17650925925925925
1 0.6309322916666668 0.5707592592592592 0.04380208333333333 0.16375
1 0.4489739583333333 0.8903611111111112 0.097625 0.21927777777777777
1 0.47821354166666663 0.8063055555555555 0.12122395833333334 0.2773611111111111
1 0.33289583333333334 0.47712962962962957 0.037796874999999994 0.13864814814814816
1 0.3008125 0.5399351851851851 0.04614583333333333 0.15807407407407406
1 0.19782291666666665 0.6266018518518519 0.056890625 0.20377777777777778
1 0.136265625 0.5758055555555556 0.048984375 0.1761111111111111
1 0.22641145833333332 0.4755 0.044265624999999996 0.13624074074074072
1 0.112609375 0.45814814814814814 0.036078124999999996 0.1325462962962963
1 0.14316666666666666 0.4359166666666667 0.03228645833333334 0.11297222222222222
1 0.26874479166666665 0.41841666666666666 0.026817708333333336 0.11512962962962964
2 0.45457291666666666 0.8106481481481481 0.026416666666666665 0.057277777777777775
2 0.7187083333333334 0.737925925925926 0.024661458333333334 0.041666666666666664
2 0.4774479166666667 0.6922407407407407 0.023640625000000002 0.04951851851851852
2 0.5319427083333333 0.5245277777777778 0.01633333333333333 0.029824074074074076
2 0.18259375 0.731462962962963 0.024005208333333337 0.046814814814814816
2 0.8841875 0.5790277777777778 0.015682291666666667 0.03362037037037037
2 0.3045677083333333 0.47520370370370374 0.014057291666666666 0.02799074074074074
2 0.138125 0.5017314814814815 0.013859375 0.02973148148148148
1 0.6296666666666667 0.4160462962962963 0.026864583333333334 0.09319444444444445
1 0.5880104166666666 0.37192592592592594 0.023265625 0.07820370370370369
1 0.571734375 0.3454537037037037 0.017223958333333334 0.07267592592592592
1 0.5539166666666666 0.32666666666666666 0.019546875000000002 0.0688425925925926
1 0.35889583333333336 0.3833796296296296 0.025739583333333333 0.09971296296296296
1 0.3272291666666666 0.38237037037037036 0.025552083333333333 0.09124074074074075
0 0.2929479166666667 0.3786203703703704 0.020874999999999998 0.08825000000000001
0 0.0310625 0.8929259259259259 0.062125 0.2141574074074074
1 0.30938147809904587 0.5793481995286703 0.32647026385732325 0.5808345738927062 0.32623043637438853 0.6025901435654978 0.3233525065791716 0.6089888405280836 0.33246595093069187 0.6119748991106236 0.3406200853504731 0.6439683839235525 0.3387014654869952 0.6623113152162984 0.33222612344775715 0.6601784162287697 0.33126681351601817 0.668710012178884 0.33678284562351724 0.6934516404342158 0.335104053242974 0.7078972137795009 0.3334252608624308 0.7351983208198669 0.3355837082088435 0.7300793632497983 0.34685559990677645 0.7458628157575099 0.33390491582830034 0.7752968217854044 0.3300676761013444 0.7757234015829101 0.3298278486184097 0.782122098545496 0.32623043637438853 0.7821220985454959 0.3269499188231927 0.7624994278602328 0.33126681351601817 0.7484222945425442 0.3315066409989529 0.7279464642622696 0.32071440426688935 0.7027782562094324 0.31016199501776065 0.695526399651835 0.31136113243243435 0.6819049160166067 0.31016199501776065 0.6695341018889409 0.3065645827737395 0.6614290857363323 0.3017680331150446 0.6601493463438151 0.2974511384222192 0.6592961867488036 0.28617924672428624 0.6580164473562865 0.28545976427548203 0.6520443301912064 0.2900164864512422 0.6499114312036778 0.2902563139341769 0.6413798352535635 0.30488579039319624 0.6115192494281632 0.30992216753482593 0.6089597706431289
3 0.3023854166666667 0.6792592592592592 0.017744791666666666 0.03760185185185185
1 0.39252604166666666 0.3701574074074074 0.024562499999999998 0.08762037037037036
3 0.01040625 0.8127777777777777 0.02080729166666667 0.05466666666666667
2 0.19748437500000002 0.7452685185185185 0.019140625 0.04740740740740741
2 0.20274999999999999 0.5414537037037037 0.015770833333333335 0.03381481481481482
2 0.18878645833333335 0.4720925925925926 0.012994791666666667 0.024537037037037038
2 0.17283854166666668 0.47117592592592594 0.013067708333333334 0.026379629629629628
2 0.171859375 0.4482407407407408 0.011697916666666667 0.021564814814814814
2 0.19692708333333334 0.43219444444444444 0.011515625 0.022074074074074072
2 0.6340260416666667 0.5028796296296296 0.016395833333333335 0.02788888888888889
2 0.7370312499999999 0.5168703703703704 0.014494791666666666 0.026583333333333334
2 0.7931197916666667 0.5099351851851852 0.013729166666666666 0.026685185185185187
2 0.6333072916666667 0.4491759259259259 0.012244791666666668 0.02398148148148148
3 0.05003125 0.4838518518518518 0.014239583333333333 0.030277777777777782
1 0.03159375 0.45702777777777776 0.039718750000000004 0.10943518518518518
2 0.03731770833333334 0.41591666666666666 0.0133125 0.02691666666666667
2 0.317984375 0.5934814814814815 0.0168125 0.027490740740740743
2 0.145890625 0.39137962962962963 0.009192708333333332 0.023444444444444445
2 0.3345989583333333 0.4212222222222222 0.010682291666666668 0.026546296296296297