1 0.6281510416666667 0.8593703703703703 0.08249479166666666 0.28125
1 0.7262708333333333 0.7846666666666667 0.059994791666666665 0.24973148148148147
1 0.22605208333333332 0.8248148148148148 0.07736979166666667 0.29521296296296295
1 0.29488020833333334 0.513 0.04209375 0.1490462962962963
1 0.12616145833333334 0.5759629629629629 0.04634895833333333 0.17737962962962964
1 0.555078125 0.5771851851851852 0.04446354166666667 0.17766666666666667
1 0.7851927083333333 0.6093425925925926 0.048640625 0.17123148148148148
1 0.71859375 0.5677962962962964 0.042171875 0.16264814814814815
1 0.622046875 0.5339907407407408 0.040015625 0.14434259259259258
1 0.038375000000000006 0.4697592592592592 0.035932291666666664 0.12422222222222222
1 0.24719270833333334 0.4468888888888889 0.031072916666666665 0.12514814814814815
1 0.3360052083333333 0.40555555555555556 0.02850520833333333 0.10523148148148148
1 0.29145312500000004 0.4026296296296296 0.024526041666666668 0.097
0 0.276671875 0.3927037037037037 0.01992708333333333 0.0922037037037037
1 0.58609375 0.36606481481481484 0.022010416666666664 0.07484259259259259
1 0.37472916666666667 0.3893888888888889 0.024276041666666668 0.09250925925925925
1 0.47835937500000003 0.3535462962962963 0.022005208333333335 0.0692962962962963
1 0.21073958333333334 0.42000000000000004 0.03197395833333334 0.1095
2 0.7244583333333333 0.6787685185185186 0.021078125 0.037092592592592594
2 0.6885729166666666 0.9216388888888889 0.031078125 0.06965740740740742
2 0.46740104166666663 0.9102314814814815 0.031328125 0.05451851851851852
2 0.622921875 0.7437685185185186 0.02420833333333333 0.05075
2 0.09422916666666666 0.9453055555555555 0.042083333333333334 0.06377777777777778
2 0.12404166666666666 0.9348148148148149 0.034656250000000006 0.07035185185185186
2 0.224515625 0.698537037037037 0.021911458333333335 0.04251851851851852
2 0.5535208333333334 0.5006666666666667 0.014677083333333334 0.025027777777777777
2 0.7878333333333334 0.5377777777777777 0.014317708333333333 0.029824074074074076
2 0.723171875 0.4991203703703703 0.012661458333333332 0.024611111111111108
1 0.09997395833333332 0.5328796296296296 0.044244791666666665 0.15187037037037038
2 0.10380208333333334 0.46949074074074076 0.013317708333333334 0.024916666666666667
0 0.16290104166666666 0.8701018518518518 0.06913020833333333 0.2597962962962963
3 0.15954166666666666 0.7652777777777777 0.023697916666666666 0.046768518518518515
2 0.2226875 0.6610462962962963 0.021453125 0.039629629629629626
1 0.21314583333333334 0.4987870370370371 0.03840104166666667 0.12827777777777777
2 0.21451041666666668 0.5330740740740741 0.01346875 0.02684259259259259
3 0.20921874999999998 0.6120185185185185 0.015515625 0.03294444444444444
2 0.13224479166666667 0.5004537037037037 0.012875 0.02626851851851852
2 0.141796875 0.45775 0.011567708333333334 0.02213888888888889
2 0.12825520833333334 0.45743518518518517 0.011416666666666667 0.02362962962962963
2 0.11483854166666667 0.43796296296296294 0.010526041666666668 0.02163888888888889
2 0.13494270833333333 0.41968518518518516 0.010927083333333334 0.019944444444444445
2 0.29597395833333334 0.45180555555555557 0.01203125 0.027444444444444445
2 0.21813020833333333 0.446712962962963 0.012661458333333332 0.024046296296296295
2 0.250609375 0.397537037037037 0.009869791666666666 0.0254537037037037
2 0.6248020833333333 0.4741481481481482 0.011140625 0.022944444444444444
1 0.6292604166666667 0.4164907407407407 0.025895833333333333 0.09922222222222223
2 0.622515625 0.4262037037037037 0.011067708333333334 0.02049074074074074
2 0.63096875 0.3748518518518518 0.007520833333333333 0.01538888888888889
2 0.7231041666666667 0.4707222222222222 0.01296875 0.021972222222222223
2 0.04223958333333333 0.42006481481481484 0.010302083333333333 0.023916666666666666
3 0.2549375 0.37148148148148147 0.007776041666666666 0.018907407407407407
2 0.212953125 0.38396296296296295 0.008697916666666666 0.023018518518518518
1 0.16359895833333335 0.46524074074074073 0.03428125 0.12969444444444445