1 0.16566666666666666 0.8620833333333333 0.093671875 0.2758333333333333
1 0.7124739583333334 0.8702592592592593 0.07211979166666667 0.2594814814814815
1 0.5913854166666667 0.8356759259259259 0.117171875 0.29182407407407407
1 0.5205364583333333 0.6315740740740741 0.05202604166666667 0.20627777777777778
1 0.231875 0.6630092592592592 0.06016666666666667 0.2192314814814815
1 0.34780208333333335 0.5651851851851851 0.04865625 0.17460185185185184
1 0.7460208333333332 0.608712962962963 0.0444375 0.18528703703703706
1 0.9426458333333334 0.6963703703703704 0.065703125 0.20901851851851852
1 0.8188958333333333 0.6122222222222222 0.04636979166666667 0.17366666666666666
1 0.6396354166666666 0.5970648148148149 0.04670833333333334 0.17785185185185187
1 0.14550000000000002 0.6003055555555556 0.05434375 0.1877685185185185
1 0.09553645833333334 0.5239537037037038 0.04294791666666666 0.1612777777777778
1 0.25707291666666665 0.48435185185185187 0.04284375 0.13944444444444443
1 0.6279739583333334 0.4293518518518518 0.026500000000000003 0.10774074074074073
1 0.5886197916666667 0.37734259259259256 0.023875 0.08115740740740741
1 0.16327083333333334 0.4445648148148148 0.03534895833333333 0.12755555555555556
1 0.19693229166666668 0.553611111111111 0.05024479166666666 0.1635277777777778
1 0.08109895833333333 0.4608425925925926 0.03775 0.1384074074074074
1 0.22366145833333334 0.5063518518518518 0.03477604166666667 0.15705555555555556
1 0.1930625 0.42614814814814816 0.03280208333333333 0.10752777777777778
1 0.37383333333333335 0.7465555555555555 0.0644375 0.24095370370370373
2 0.5932916666666667 0.7144166666666667 0.02615625 0.049222222222222216
2 0.7113854166666667 0.7645277777777778 0.025484375 0.04883333333333333
2 0.9536822916666666 0.6106296296296296 0.01846354166666667 0.03771296296296296
2 0.7475937500000001 0.5306944444444445 0.015036458333333334 0.029925925925925925
1 0.34053125 0.9068055555555555 0.10970833333333332 0.1863888888888889
2 0.33943229166666666 0.8456666666666667 0.030114583333333333 0.06287962962962963
2 0.37558854166666666 0.6433981481481481 0.021901041666666666 0.03632407407407407
2 0.15612499999999999 0.7491296296296296 0.023125 0.05174074074074074
2 0.14700520833333333 0.5218425925925926 0.014125 0.030740740740740742
2 0.23821354166666667 0.5708240740740741 0.015890625000000002 0.035583333333333335
2 0.5196197916666666 0.542675925925926 0.016942708333333334 0.030166666666666665
2 0.643921875 0.5239351851851852 0.014041666666666668 0.02912037037037037
1 0.3530729166666667 0.4549166666666667 0.0366875 0.12071296296296297
2 0.351109375 0.4940833333333333 0.016911458333333334 0.03203703703703704
2 0.35467708333333337 0.4075648148148148 0.011380208333333334 0.025583333333333333
2 0.6424947916666667 0.46501851851851855 0.013479166666666665 0.026462962962962962
2 0.8199895833333334 0.539888888888889 0.015828125000000002 0.028916666666666667
1 0.22828645833333333 0.40078703703703705 0.02938020833333333 0.11176851851851852
2 0.22277604166666667 0.441037037037037 0.012505208333333333 0.024666666666666667
2 0.2080260416666667 0.4853333333333333 0.012703125000000001 0.025009259259259262
2 0.19453125 0.45964814814814814 0.013770833333333335 0.026305555555555554
2 0.19422395833333334 0.4859537037037037 0.012333333333333333 0.02411111111111111
2 0.02672916666666667 0.4630648148148148 0.012875 0.031907407407407405
2 0.08535937499999999 0.40462037037037035 0.011901041666666667 0.026712962962962963
3 0.10358854166666666 0.4616203703703704 0.012359375 0.02984259259259259
2 0.19422395833333334 0.3830462962962963 0.009057291666666667 0.02137037037037037
3 0.34730208333333334 0.7211574074074074 0.01765625 0.03980555555555556
2 0.17195312499999998 0.7633240740740741 0.01834375 0.05026851851851852
1 0.5527031250000001 0.3297962962962963 0.018442708333333332 0.07025925925925926
1 0.5723489583333333 0.34875 0.019880208333333333 0.07494444444444444
1 0.3429479166666667 0.37537037037037035 0.021416666666666664 0.0878425925925926
1 0.37093750000000003 0.37775000000000003 0.0253125 0.09260185185185185
1 0.4001458333333333 0.36412037037037037 0.023854166666666666 0.08611111111111111
0 0.3033958333333333 0.37450925925925926 0.022151041666666666 0.08697222222222223
0 0.26519270833333336 0.37833333333333335 0.024109375 0.08026851851851852
1 0.278453125 0.40775 0.02783333333333333 0.10792592592592593
1 0.6198645833333334 0.3610185185185185 0.01940625 0.0698425925925926
2 0.6295833333333333 0.38350925925925927 0.008572916666666668 0.018157407407407407