1 0.52096875 0.8733333333333334 0.09123437499999999 0.2533425925925926
1 0.42730729166666664 0.7739907407407407 0.066453125 0.27139814814814817
1 0.37383854166666663 0.703861111111111 0.059078125 0.23770370370370372
1 0.8189895833333334 0.737287037037037 0.06816145833333334 0.2481851851851852
1 0.5753854166666666 0.8285925925925925 0.079984375 0.29514814814814816
1 0.39779166666666665 0.5544074074074073 0.05011979166666667 0.1862777777777778
1 0.26047916666666665 0.6566481481481481 0.06802083333333334 0.22897222222222222
1 0.22991666666666666 0.4583240740740741 0.041796875 0.14278703703703705
1 0.134609375 0.445 0.04016666666666667 0.15008333333333335
1 0.27869270833333337 0.40741666666666665 0.03858854166666667 0.1269537037037037
1 0.3474375 0.3798425925925926 0.029187499999999998 0.10810185185185185
1 0.6468020833333333 0.5016851851851852 0.03760416666666667 0.09143518518518519
1 0.7500208333333334 0.49173148148148155 0.028953125000000003 0.14337962962962963
1 0.6016302083333334 0.3964722222222222 0.032578125 0.11606481481481482
1 0.3254739583333333 0.4962962962962963 0.0435625 0.15933333333333335
1 0.17016145833333332 0.4233240740740741 0.031223958333333336 0.13550925925925925
1 0.6981927083333334 0.634712962962963 0.048463541666666665 0.20120370370370372
1 0.6394479166666667 0.41345370370370366 0.02675 0.10878703703703703
1 0.6593177083333334 0.4415 0.031171875 0.12325000000000001
1 0.96975 0.7496759259259259 0.06049479166666667 0.21724074074074073
1 0.9797291666666667 0.8442685185185185 0.040546874999999996 0.2723333333333333
2 0.5146666666666666 0.7732222222222223 0.025343749999999998 0.054120370370370374
2 0.5802812500000001 0.7018888888888889 0.023505208333333336 0.04401851851851852
2 0.375703125 0.6027870370370371 0.01786979166666667 0.034666666666666665
2 0.4015 0.47713888888888883 0.013822916666666666 0.03127777777777778
2 0.2654479166666667 0.5714259259259259 0.019442708333333333 0.03737037037037037
2 0.8239635416666666 0.6324814814814815 0.019197916666666665 0.0380462962962963
2 0.6120364583333333 0.5215833333333333 0.016130208333333333 0.027675925925925927
2 0.7230416666666667 0.4484722222222222 0.012015625 0.021907407407407407
3 0.2740572916666667 0.48415740740740737 0.012661458333333332 0.023842592592592592
2 0.32879166666666665 0.43112962962962964 0.012953125000000001 0.026351851851851852
1 0.3015 0.547425925925926 0.038947916666666665 0.18676851851851853
2 0.29705729166666667 0.4683333333333333 0.014380208333333333 0.02748148148148148
2 0.174171875 0.3678703703703704 0.010744791666666666 0.024583333333333336
2 0.13448958333333336 0.3838888888888889 0.010364583333333333 0.028148148148148148
2 0.6933489583333333 0.56275 0.014583333333333334 0.029685185185185186
3 0.7498177083333334 0.432 0.013833333333333333 0.02460185185185185
2 0.7143906250000001 0.48842592592592593 0.012885416666666667 0.02489814814814815
2 0.6474322916666666 0.4675925925925926 0.012026041666666666 0.022527777777777775
2 0.659015625 0.3907777777777778 0.010041666666666667 0.021425925925925928
2 0.23371354166666666 0.39996296296296296 0.010906250000000001 0.02675
2 0.27953125 0.3568518518518518 0.010739583333333334 0.0255
1 0.62425 0.3125648148148148 0.017802083333333333 0.06985185185185185
1 0.5792916666666666 0.32053703703703706 0.021859375 0.0768888888888889
2 0.6385364583333334 0.36833333333333335 0.010197916666666666 0.01748148148148148
2 0.43125 0.6550462962962963 0.01954166666666667 0.0324537037037037
2 0.9890833333333333 0.6617129629629629 0.021828124999999997 0.041935185185185186
1 0.4941770833333334 0.29889814814814814 0.015020833333333334 0.07280555555555555