1 0.6936875 0.7803333333333333 0.06780729166666667 0.26312962962962966
1 0.9701927083333334 0.7755462962962963 0.059609375 0.25387037037037036
1 0.810421875 0.6851851851851852 0.07611979166666667 0.21556481481481482
1 0.44322395833333333 0.6989351851851852 0.07061458333333334 0.2430925925925926
1 0.477828125 0.5491944444444444 0.052958333333333336 0.17787962962962964
1 0.31308854166666666 0.6388888888888888 0.059828125 0.21719444444444444
1 0.20828125 0.576537037037037 0.06059895833333333 0.19677777777777777
1 0.17093229166666665 0.4358148148148148 0.04283333333333333 0.14437037037037037
1 0.2845833333333333 0.48910185185185184 0.04113541666666667 0.1559722222222222
1 0.5822135416666666 0.37287037037037035 0.030442708333333336 0.10892592592592593
1 0.7169635416666666 0.4481388888888889 0.03257291666666667 0.13278703703703704
1 0.6921197916666666 0.4632962962962963 0.02900520833333333 0.12816666666666665
1 0.49902083333333336 0.30691666666666667 0.018500000000000003 0.08001851851851852
1 0.30640625 0.3490740740740741 0.026609375 0.10153703703703704
1 0.37328645833333335 0.3415462962962963 0.024854166666666667 0.09806481481481481
1 0.3272552083333334 0.3414166666666667 0.021390625 0.09935185185185184
1 0.6363645833333333 0.44728703703703704 0.03455729166666666 0.08512962962962962
1 0.6591979166666667 0.39924074074074073 0.027755208333333333 0.10164814814814815
2 0.9780885416666667 0.669037037037037 0.02075 0.03997222222222222
2 0.6861458333333333 0.6701759259259259 0.021796875 0.04278703703703704
2 0.8124010416666666 0.5953703703703703 0.019151041666666667 0.03666666666666667
2 0.7897968750000001 0.5519907407407407 0.016541666666666666 0.032018518518518516
2 0.44508333333333333 0.5957870370370371 0.017994791666666666 0.037537037037037035
2 0.2888541666666667 0.42491666666666666 0.012609375 0.0285
2 0.4809010416666667 0.4877222222222222 0.012734375 0.02901851851851852
3 0.7155885416666667 0.39367592592592593 0.012098958333333333 0.023675925925925927
2 0.6937916666666666 0.40861111111111115 0.011526041666666665 0.01864814814814815
2 0.6358958333333333 0.4154537037037037 0.011067708333333334 0.021074074074074075
2 0.6726197916666667 0.4335555555555556 0.010843750000000001 0.02237962962962963
2 0.6111406250000001 0.46175 0.013166666666666667 0.024638888888888887
2 0.5836145833333333 0.32769444444444445 0.008979166666666667 0.017703703703703704
2 0.3152760416666667 0.5157962962962962 0.014713541666666666 0.030694444444444444
2 0.3153385416666667 0.54275 0.01608333333333333 0.025037037037037035
2 0.21519270833333334 0.5042685185185185 0.016713541666666668 0.032157407407407405
2 0.17490624999999999 0.37810185185185186 0.013067708333333334 0.029268518518518517
2 0.2538125 0.43424074074074076 0.012234374999999999 0.026027777777777778
3 0.23644791666666667 0.4460185185185185 0.012578124999999999 0.0255
2 0.046015625 0.40932407407407406 0.013546875000000002 0.031518518518518515
2 0.08109374999999999 0.43202777777777773 0.012885416666666667 0.03103703703703704
2 0.07653125 0.39258333333333334 0.011343750000000001 0.02849074074074074
2 0.11190625000000001 0.3580277777777778 0.010276041666666668 0.02451851851851852
1 0.6284947916666667 0.2961666666666667 0.016369791666666668 0.06519444444444444
1 0.6085104166666666 0.31719444444444445 0.019390624999999998 0.07572222222222222
1 0.57015625 0.29700925925925925 0.019515624999999998 0.07069444444444443
1 0.24792187499999999 0.3832037037037037 0.03602083333333333 0.09717592592592593