1 0.4073645833333333 0.8548888888888888 0.072125 0.2902222222222222
1 0.429296875 0.5486388888888889 0.0490625 0.17292592592592593
1 0.5123958333333333 0.639037037037037 0.058083333333333334 0.21210185185185185
1 0.5210989583333333 0.8948611111111111 0.08361979166666668 0.21026851851851852
1 0.7042447916666668 0.912675925925926 0.08892708333333334 0.17464814814814816
1 0.85728125 0.8575 0.08214583333333333 0.28500000000000003
1 0.740859375 0.6531666666666667 0.060822916666666664 0.20658333333333334
1 0.80034375 0.5448703703703704 0.04372395833333333 0.15839814814814815
1 0.9232135416666666 0.7495555555555555 0.07452083333333334 0.23806481481481484
1 0.30109895833333333 0.789537037037037 0.08301041666666667 0.2772314814814815
1 0.6117239583333334 0.4576203703703704 0.029255208333333334 0.12280555555555556
1 0.13059375 0.932574074074074 0.11847395833333334 0.1348425925925926
1 0.15410416666666665 0.4710462962962963 0.040296875 0.14612037037037037
1 0.28633333333333333 0.3759074074074074 0.02422916666666667 0.10749074074074075
1 0.33974479166666666 0.43884259259259256 0.034317708333333335 0.12753703703703703
1 0.39103645833333334 0.3740277777777778 0.024317708333333334 0.09712037037037037
1 0.6526562499999999 0.4116944444444444 0.02675 0.10163888888888889
1 0.597390625 0.4277592592592593 0.02625 0.11411111111111111
1 0.5775312499999999 0.3584537037037037 0.021130208333333334 0.08569444444444445
0 0.117875 0.43828703703703703 0.030484375 0.12569444444444444
1 0.08038541666666667 0.4078703703703704 0.03241666666666667 0.11668518518518518
2 0.11313541666666667 0.8941481481481481 0.03348958333333333 0.058361111111111114
2 0.711765625 0.8533888888888889 0.029041666666666667 0.05613888888888889
2 0.8574166666666667 0.7385555555555555 0.022572916666666668 0.045342592592592594
2 0.93046875 0.6641296296296296 0.018203125 0.03390740740740741
2 0.753140625 0.5711851851851851 0.016052083333333335 0.03067592592592593
2 0.5145885416666667 0.5511666666666667 0.0160625 0.03621296296296296
2 0.40805208333333337 0.7336851851851852 0.023197916666666665 0.04837037037037037
2 0.30568229166666666 0.6862314814814815 0.02209895833333333 0.04473148148148148
3 0.28886979166666665 0.5329074074074074 0.013859375 0.026814814814814816
1 0.6493541666666667 0.5761944444444445 0.04390104166666667 0.11090740740740741
1 0.5622864583333332 0.34181481481481485 0.019510416666666665 0.07921296296296296
2 0.29864583333333333 0.5140277777777778 0.015458333333333333 0.02887962962962963
2 0.5212916666666667 0.8097777777777777 0.026833333333333334 0.04122222222222222
2 0.6500572916666666 0.5346388888888889 0.014557291666666666 0.027324074074074077
2 0.6114947916666666 0.5944537037037037 0.018671875 0.03222222222222222
2 0.767046875 0.49713888888888885 0.013880208333333333 0.022407407407407407
3 0.8064895833333333 0.4768611111111111 0.012833333333333334 0.022453703703703705
2 0.6551458333333334 0.4494259259259259 0.011348958333333332 0.023194444444444445
2 0.611984375 0.40669444444444447 0.009364583333333334 0.01996296296296296
2 0.6017864583333333 0.3793796296296296 0.009864583333333335 0.017953703703703704
2 0.432859375 0.47717592592592595 0.014020833333333335 0.030814814814814816
2 0.3425 0.38634259259259257 0.011223958333333334 0.023166666666666665
2 0.15810416666666666 0.4121296296296296 0.012234374999999999 0.027712962962962964
2 0.653640625 0.3705 0.010791666666666666 0.01898148148148148
2 0.20633854166666668 0.3735925925925926 0.00996875 0.02499074074074074
3 0.2241875 0.3902222222222222 0.010520833333333333 0.024935185185185185
2 0.24844791666666666 0.35862037037037037 0.009916666666666666 0.022842592592592595