0 0.275203125 0.7281296296296296 0.04888020833333333 0.2551388888888889
1 0.8252604166666667 0.8307685185185185 0.07943229166666667 0.2765648148148148
1 0.6566041666666667 0.7870925925925926 0.06324479166666667 0.2637685185185185
1 0.5934895833333333 0.49193518518518514 0.03268229166666667 0.13730555555555554
1 0.6418697916666667 0.5479907407407408 0.03598958333333333 0.1330462962962963
1 0.6792135416666666 0.6204999999999999 0.041453125 0.17425
1 0.8601145833333333 0.6573148148148148 0.050291666666666665 0.18142592592592593
1 0.19688020833333333 0.48116666666666663 0.03808333333333334 0.13691666666666666
1 0.25533333333333336 0.45112037037037034 0.033166666666666664 0.12162962962962964
0 0.111796875 0.5201944444444444 0.040177083333333335 0.16383333333333333
1 0.419015625 0.423 0.029135416666666667 0.10609259259259259
2 0.29507812499999997 0.9388888888888889 0.03539583333333333 0.06181481481481482
2 0.28517187499999996 0.5794537037037036 0.017911458333333335 0.034027777777777775
2 0.6773385416666666 0.5485925925925926 0.015453125000000002 0.030074074074074073
2 0.870984375 0.5830185185185185 0.015791666666666666 0.026379629629629628
2 0.6607708333333334 0.6777685185185185 0.020260416666666666 0.0442962962962963
2 0.6695833333333333 0.6537777777777778 0.00002604166666666667 0.001351851851851852
2 0.5711927083333334 0.7081296296296296 0.023005208333333336 0.04188888888888889
3 0.273296875 0.6165925925925926 0.017802083333333333 0.032768518518518516
1 0.6533593750000001 0.475 0.029713541666666666 0.11347222222222222
2 0.8293697916666667 0.7188425925925926 0.02203125 0.04097222222222222
1 0.2847864583333333 0.4220648148148148 0.025302083333333333 0.11600925925925927
1 0.32740625 0.4075648148148148 0.022755208333333332 0.10459259259259258
2 0.6390260416666667 0.6575555555555556 0.018375 0.034083333333333334
3 0.8868958333333333 0.5548518518518518 0.012911458333333332 0.025583333333333333
2 0.6562447916666667 0.42737037037037034 0.010666666666666666 0.019
2 0.5943489583333333 0.4338148148148148 0.010760416666666666 0.020805555555555553
2 0.6430677083333334 0.493925925925926 0.01171875 0.024638888888888887
2 0.6518541666666666 0.5787407407407407 0.016630208333333334 0.03350925925925926
3 0.11535416666666666 0.45128703703703704 0.012963541666666667 0.025805555555555557
2 0.1298125 0.42618518518518517 0.011265625 0.024342592592592593
2 0.19886979166666666 0.4255277777777778 0.010692708333333334 0.02510185185185185
2 0.4189322916666667 0.38050925925925927 0.009119791666666667 0.020564814814814817
3 0.3453802083333333 0.3835185185185185 0.008624999999999999 0.01937037037037037
1 0.37716666666666665 0.39387962962962964 0.024942708333333334 0.08627777777777779