1 0.5221979166666667 0.6113148148148149 0.051270833333333335 0.18862962962962962
1 0.32209374999999996 0.8802962962962964 0.08859895833333334 0.2394074074074074
1 0.4119114583333333 0.9216944444444444 0.08706770833333333 0.1566111111111111
2 0.409109375 0.8724259259259259 0.027880208333333333 0.05480555555555555
2 0.321171875 0.8040833333333333 0.024739583333333332 0.05408333333333333
1 0.8312395833333334 0.9165277777777778 0.09372916666666667 0.1669351851851852
2 0.8291875 0.8595277777777778 0.0279375 0.0526574074074074
1 0.8029375000000001 0.6102500000000001 0.04853645833333333 0.15432407407407406
1 0.7900416666666668 0.7447037037037036 0.06875 0.23765740740740743
2 0.7963125000000001 0.6506759259259259 0.018598958333333335 0.03690740740740741
1 0.6544375 0.5667314814814816 0.041234375000000004 0.15187037037037038
2 0.6446875 0.6016388888888888 0.017119791666666665 0.03038888888888889
1 0.5920416666666667 0.649175925925926 0.05971354166666667 0.09097222222222222
2 0.5970885416666667 0.6222777777777777 0.017171875 0.03626851851851852
1 0.6462447916666666 0.4558148148148148 0.029953125 0.11576851851851852
1 0.6173229166666666 0.5105185185185185 0.030786458333333332 0.1361851851851852
1 0.5904635416666667 0.47028703703703706 0.029604166666666668 0.13153703703703704
1 0.8333958333333332 0.5952962962962962 0.033203125 0.17226851851851852
1 0.20911979166666667 0.469287037037037 0.037015624999999996 0.1328148148148148
1 0.13345833333333335 0.5030833333333333 0.04241145833333334 0.15125
1 0.38907291666666666 0.43946296296296294 0.027546875000000002 0.115
1 0.32256770833333337 0.38725000000000004 0.02340625 0.09749074074074075
1 0.35274479166666667 0.4070185185185185 0.028234375 0.10624074074074073
1 0.24828645833333332 0.43403703703703705 0.03054166666666667 0.12744444444444444
1 0.5574583333333333 0.3838148148148148 0.021119791666666665 0.08406481481481481
0 0.27745833333333336 0.6836851851851852 0.04986979166666667 0.2365925925925926
3 0.28225 0.5812777777777778 0.016291666666666666 0.032
2 0.65596875 0.503962962962963 0.012432291666666668 0.026166666666666668
2 0.5264583333333334 0.5327407407407407 0.015354166666666667 0.030824074074074073
2 0.5447552083333334 0.9664074074074074 0.031989583333333335 0.05274074074074074
2 0.77903125 0.9859722222222221 0.033328125 0.028055555555555556
1 0.054781250000000004 0.49863888888888885 0.04165625 0.13326851851851854
2 0.054390625000000005 0.4479444444444444 0.012604166666666666 0.028555555555555556
2 0.2879375 0.5534722222222223 0.01684375 0.024101851851851853
2 0.13531770833333334 0.44357407407407407 0.011734375 0.030416666666666668
2 0.14542187499999998 0.44089814814814815 0.010223958333333333 0.025194444444444446
2 0.8116302083333333 0.5499166666666666 0.013604166666666667 0.02624074074074074
3 0.8367239583333334 0.5240648148148148 0.015322916666666667 0.025620370370370373
2 0.6487447916666667 0.4081296296296296 0.010635416666666668 0.01801851851851852
2 0.6199947916666667 0.45472222222222225 0.012437499999999999 0.02263888888888889
2 0.38894791666666667 0.39237962962962963 0.009911458333333335 0.02209259259259259
2 0.28761458333333334 0.37137037037037035 0.009692708333333333 0.021212962962962965
1 0.5783697916666667 0.39874074074074073 0.024317708333333334 0.08962962962962963
1 0.4110625 0.38561111111111107 0.02169270833333333 0.09127777777777778
2 0.21221354166666667 0.4162314814814815 0.010708333333333332 0.024175925925925927
3 0.29868229166666665 0.3945925925925926 0.009343750000000001 0.02211111111111111