1 0.37449479166666666 0.9117037037037037 0.10914583333333333 0.17659259259259258
1 0.7348802083333333 0.9028611111111111 0.090546875 0.1942685185185185
1 0.5921510416666667 0.8990092592592592 0.07725520833333334 0.20198148148148146
0 0.22309895833333335 0.8481944444444444 0.058765625 0.3036111111111111
1 0.11138020833333333 0.6443333333333333 0.05425520833333333 0.2009166666666667
1 0.24402083333333333 0.5504907407407407 0.04415104166666666 0.1672685185185185
1 0.5709166666666667 0.5517222222222222 0.040937499999999995 0.1636388888888889
1 0.6135 0.4938148148148149 0.033942708333333335 0.13196296296296298
1 0.6611510416666667 0.48163888888888884 0.03272395833333333 0.12311111111111112
1 0.22147916666666667 0.47591666666666665 0.03367708333333333 0.1355
1 0.26050520833333335 0.7756851851851851 0.05674479166666667 0.2734814814814815
1 0.3048958333333333 0.42241666666666666 0.03046875 0.11346296296296297
1 0.7090520833333334 0.7785648148148149 0.07059895833333334 0.23341666666666666
1 0.7009114583333333 0.5625277777777777 0.04151041666666667 0.1486574074074074
1 0.20074479166666667 0.4468981481481481 0.03305729166666667 0.13348148148148148
1 0.14031770833333335 0.48051851851851857 0.036828124999999996 0.13917592592592593
2 0.7293125 0.8321388888888889 0.025020833333333332 0.05196296296296296
2 0.658453125 0.958648148148148 0.036625 0.06931481481481482
2 0.5842447916666667 0.8222962962962963 0.027270833333333334 0.04867592592592593
2 0.7060677083333334 0.6797314814814815 0.019494791666666667 0.03593518518518519
2 0.7052499999999999 0.49958333333333327 0.011427083333333334 0.02214814814814815
2 0.35551041666666666 0.8650648148148148 0.02928645833333333 0.054407407407407404
2 0.2534895833333333 0.6592314814814815 0.01922916666666667 0.040074074074074074
2 0.14129166666666665 0.4211666666666667 0.01175 0.020259259259259258
0 0.2524635416666667 0.4387962962962963 0.028260416666666666 0.11552777777777777
2 0.24444270833333331 0.4821203703703704 0.012182291666666668 0.030629629629629628
1 0.12116145833333333 0.5473518518518519 0.04272916666666667 0.1504537037037037
2 0.12353125000000001 0.4837407407407408 0.013083333333333334 0.02272222222222222
1 0.053010416666666664 0.5302777777777778 0.046052083333333334 0.16207407407407406
2 0.037140625000000003 0.4465462962962963 0.013890625 0.024703703703703703
2 0.07594270833333333 0.44051851851851853 0.011927083333333333 0.022481481481481484
2 0.05950520833333333 0.4622685185185185 0.012661458333333332 0.024370370370370372
2 0.570234375 0.48139814814814813 0.01359375 0.021833333333333333
1 0.35459375000000004 0.4051111111111111 0.027916666666666666 0.10088888888888889
1 0.5815677083333333 0.3589722222222222 0.020833333333333332 0.06993518518518518
1 0.47016145833333334 0.37525925925925924 0.021916666666666664 0.08403703703703704
3 0.22477604166666668 0.7173703703703703 0.021671875 0.04142592592592593
2 0.6622864583333333 0.4311481481481481 0.011708333333333333 0.020064814814814817
2 0.61640625 0.44001851851851853 0.011015625 0.02137037037037037
2 0.7118125000000001 0.4819629629629629 0.011317708333333334 0.021212962962962965
2 0.700359375 0.6168055555555555 0.0179375 0.03286111111111111
3 0.107921875 0.5590462962962963 0.015500000000000002 0.031046296296296298
2 0.22634374999999998 0.421787037037037 0.010229166666666668 0.027416666666666666
3 0.25275520833333337 0.3926851851851852 0.009130208333333334 0.02226851851851852
2 0.034499999999999996 0.41944444444444445 0.011380208333333334 0.023055555555555555
2 0.050374999999999996 0.40066666666666667 0.01009375 0.019675925925925927
2 0.6179739583333334 0.40876851851851853 0.011869791666666666 0.02146296296296296