1 0.812640625 0.7947222222222222 0.07513020833333334 0.2584444444444444
1 0.6275260416666666 0.5405648148148148 0.03141666666666667 0.1438796296296296
1 0.6621510416666666 0.6095740740740742 0.047385416666666666 0.18041666666666667
1 0.09308333333333334 0.4995648148148148 0.035140625 0.1398425925925926
1 0.16695833333333335 0.4977592592592593 0.040203125 0.14488888888888887
1 0.23189062500000002 0.4668611111111111 0.034703124999999994 0.12863888888888889
0 0.2765 0.7123981481481482 0.04465104166666667 0.24680555555555556
1 0.26648958333333334 0.43425 0.026463541666666666 0.12087037037037036
1 0.8299114583333334 0.6454166666666666 0.049838541666666666 0.17585185185185184
1 0.5800572916666666 0.6330648148148148 0.05602083333333333 0.17878703703703705
1 0.6471145833333334 0.47500925925925924 0.028333333333333332 0.12056481481481482
1 0.5902083333333333 0.48465740740740737 0.03252083333333333 0.12808333333333335
1 0.3650729166666667 0.40625 0.02969270833333333 0.1024074074074074
1 0.4039479166666667 0.43719444444444444 0.02469270833333333 0.11005555555555556
1 0.30473958333333334 0.41833333333333333 0.025208333333333333 0.10884259259259259
1 0.3411666666666667 0.3903425925925926 0.023536458333333333 0.09667592592592593
1 0.5641614583333333 0.4038981481481481 0.025046875000000003 0.0884537037037037
2 0.39098958333333333 0.9587685185185185 0.03096875 0.0628425925925926
2 0.31357812500000004 0.8761481481481481 0.029484375 0.058638888888888886
2 0.28408333333333335 0.5740277777777778 0.016296875 0.030324074074074073
2 0.7996979166666667 0.93175 0.030390625 0.060537037037037035
2 0.6313958333333333 0.6572870370370371 0.018500000000000003 0.04089814814814815
2 0.6628489583333333 0.5330925925925926 0.014380208333333333 0.029268518518518517
2 0.5862760416666667 0.5604537037037036 0.015234375 0.032518518518518516
3 0.27775520833333334 0.6054722222222222 0.01708854166666667 0.033157407407407406
2 0.8174010416666667 0.6907037037037037 0.020874999999999998 0.03719444444444445
2 0.8394322916666667 0.5730833333333333 0.015661458333333333 0.025138888888888888
2 0.5869531250000001 0.6930740740740741 0.022885416666666665 0.04031481481481482
1 0.6488177083333333 0.4246759259259259 0.009817708333333335 0.018907407407407407
2 0.5934010416666666 0.42968518518518517 0.010427083333333333 0.018287037037037036
2 0.09257291666666667 0.4434722222222222 0.01178125 0.025166666666666667
2 0.16799479166666667 0.4401388888888889 0.011359375 0.029648148148148153
2 0.4038645833333333 0.3930370370370371 0.009244791666666667 0.021564814814814814
3 0.3249583333333333 0.3972037037037037 0.008395833333333333 0.021833333333333333