1 0.9216354166666666 0.7012037037037037 0.06088541666666667 0.22573148148148148
1 0.7204427083333333 0.6731481481481482 0.05878125 0.22062962962962962
1 0.6442916666666666 0.6064074074074074 0.059994791666666665 0.1942685185185185
1 0.81028125 0.6235185185185185 0.06270833333333334 0.19405555555555556
1 0.7746562499999999 0.5559259259259259 0.04884895833333334 0.17620370370370372
1 0.7029114583333332 0.41479629629629633 0.035895833333333335 0.12112962962962963
1 0.6725572916666667 0.4202592592592593 0.032796874999999996 0.11021296296296297
1 0.5698489583333333 0.3537592592592593 0.029458333333333333 0.10447222222222222
1 0.299234375 0.5916018518518518 0.06035416666666667 0.2053333333333333
1 0.32716666666666666 0.48087962962962966 0.04253645833333333 0.15616666666666668
1 0.22473437500000001 0.5538425925925926 0.04477604166666667 0.1864537037037037
1 0.13309374999999998 0.41208333333333336 0.04118229166666666 0.13183333333333333
1 0.162453125 0.5148518518518518 0.054302083333333334 0.1752314814814815
1 0.24717708333333333 0.36148148148148146 0.030119791666666666 0.11175925925925927
1 0.28178125 0.3567314814814815 0.028010416666666666 0.11116666666666666
1 0.3237291666666666 0.35307407407407404 0.0314375 0.11203703703703703
1 0.3545989583333334 0.34814814814814815 0.023432291666666667 0.10673148148148148
1 0.6273593749999999 0.3408888888888889 0.02015625 0.08723148148148148
1 0.4931979166666667 0.31719444444444445 0.021 0.08791666666666667
2 0.30238020833333334 0.5053888888888889 0.015604166666666667 0.02950925925925926
2 0.7199114583333334 0.5814814814814815 0.01690625 0.036861111111111115
2 0.927796875 0.6069629629629629 0.019302083333333334 0.036620370370370366
2 0.7765000000000001 0.48211111111111105 0.013078125 0.028537037037037038
2 0.24661458333333333 0.4520648148148148 0.013088541666666667 0.027462962962962963
2 0.8144322916666666 0.5416203703703704 0.015369791666666667 0.029583333333333333
2 0.649203125 0.5258518518518518 0.016802083333333332 0.03180555555555556
2 0.16951041666666666 0.45136111111111116 0.016130208333333333 0.02912962962962963
2 0.3260416666666667 0.4268611111111111 0.012015625 0.022490740740740738
2 0.13751562499999997 0.35855555555555557 0.010041666666666667 0.02486111111111111
2 0.20700520833333333 0.3972685185185185 0.011395833333333332 0.02287037037037037
3 0.19511458333333334 0.4074351851851852 0.011046875000000001 0.02212037037037037
2 0.19830208333333335 0.38113888888888886 0.011911458333333335 0.024425925925925924
2 0.191390625 0.3632592592592592 0.01021875 0.02348148148148148
2 0.24911458333333333 0.3171759259259259 0.009411458333333334 0.022324074074074073
3 0.7084218750000001 0.36341666666666667 0.010552083333333333 0.018768518518518518
2 0.6461354166666666 0.381712962962963 0.010369791666666666 0.01987037037037037
2 0.5718177083333333 0.3097407407407407 0.008484374999999999 0.01599074074074074
2 0.67359375 0.3740555555555556 0.008885416666666666 0.01675
2 0.06613541666666667 0.4022685185185185 0.013369791666666667 0.030972222222222224
2 0.038385416666666665 0.3573888888888889 0.010375 0.024
2 0.28384375 0.3116666666666667 0.008437499999999999 0.022222222222222223
2 0.32575000000000004 0.30750925925925926 0.00790625 0.020907407407407406
1 0.37529166666666663 0.3146481481481481 0.018453125 0.0816574074074074
1 0.507265625 0.2838981481481482 0.018578125 0.07079629629629629
1 0.6526979166666667 0.32983333333333337 0.021328125 0.08608333333333333