1 0.8229739583333333 0.8615462962962963 0.086234375 0.27690740740740744
1 0.6862239583333333 0.8114814814814815 0.062338541666666664 0.28012037037037035
1 0.6348020833333333 0.7786851851851851 0.06035416666666667 0.24643518518518517
0 0.27184375000000005 0.7414166666666667 0.05297395833333333 0.26985185185185184
1 0.06478645833333334 0.5365092592592592 0.043859375 0.16892592592592592
0 0.16852604166666665 0.49672222222222223 0.03941145833333334 0.1565
1 0.2263125 0.46111111111111114 0.037385416666666664 0.13177777777777777
1 0.13750520833333332 0.48496296296296293 0.040088541666666665 0.1508611111111111
1 0.2794947916666667 0.4323240740740741 0.03253645833333333 0.11762037037037038
1 0.6557499999999999 0.5716388888888889 0.038593749999999996 0.15936111111111112
1 0.5942395833333334 0.4953425925925926 0.03275 0.1411296296296296
1 0.433734375 0.40412037037037035 0.025760416666666668 0.10033333333333333
1 0.8958437499999999 0.6708518518518518 0.055942708333333334 0.19312962962962965
1 0.7306458333333333 0.6913148148148148 0.059171875 0.2209074074074074
1 0.6656093750000001 0.4793611111111111 0.03197395833333334 0.12260185185185185
2 0.8289479166666667 0.7505555555555555 0.023421874999999998 0.042712962962962966
2 0.6879114583333333 0.6935092592592592 0.02197395833333333 0.04309259259259259
2 0.6368125 0.6744629629629629 0.021260416666666667 0.03818518518518519
2 0.6957239583333333 0.5638333333333334 0.015515625 0.03286111111111111
2 0.734796875 0.5999166666666667 0.017598958333333335 0.038092592592592595
1 0.5543541666666666 0.7697037037037037 0.07793749999999999 0.14652777777777778
2 0.5497239583333333 0.7256203703703703 0.023916666666666666 0.039185185185185184
2 0.284015625 0.5817037037037037 0.016395833333333335 0.03676851851851852
2 0.9069947916666667 0.5936851851851851 0.017338541666666665 0.028314814814814813
1 0.9244322916666667 0.6405462962962962 0.026093750000000002 0.18789814814814815
2 0.9259843750000001 0.5615370370370371 0.013869791666666666 0.02884259259259259
3 0.27323437500000003 0.6257777777777778 0.019515624999999998 0.03632407407407407
2 0.656203125 0.5048518518518519 0.013578125 0.02535185185185185
2 0.6685052083333333 0.4287222222222222 0.009197916666666667 0.019898148148148147
2 0.06935416666666666 0.46849074074074076 0.01403125 0.03141666666666667
3 0.16958854166666668 0.4305185185185185 0.010307291666666666 0.023574074074074074
2 0.22786979166666665 0.40885185185185186 0.009442708333333332 0.024888888888888887
2 0.5954322916666667 0.43556481481481485 0.011114583333333334 0.020287037037037037
2 0.6139843749999999 0.4239351851851852 0.009838541666666667 0.01996296296296296
1 0.304171875 0.40882407407407406 0.026093750000000002 0.11155555555555556
1 0.5677135416666667 0.3361944444444444 0.019661458333333333 0.06382407407407407
1 0.391421875 0.3757222222222222 0.028640625 0.08106481481481481
1 0.34788020833333333 0.39264814814814814 0.022484375 0.10272222222222221