1 0.41520833333333335 0.9223981481481482 0.113 0.15521296296296297
1 0.7379374999999999 0.8701666666666666 0.15473958333333335 0.25966666666666666
1 0.5605625 0.5669444444444444 0.052437500000000005 0.18060185185185187
1 0.7215572916666667 0.6183240740740741 0.053536458333333335 0.19590740740740742
1 0.86821875 0.7196666666666667 0.09788020833333334 0.25716666666666665
1 0.97803125 0.613 0.04394270833333334 0.21069444444444446
1 0.21628645833333332 0.5439074074074074 0.05315625 0.18366666666666667
1 0.5583489583333333 0.34944444444444445 0.03332291666666667 0.10196296296296296
1 0.7140364583333334 0.4033333333333334 0.03297395833333334 0.11362037037037036
1 0.7589479166666667 0.5137777777777778 0.04439583333333333 0.15753703703703703
1 0.12041145833333333 0.48711111111111116 0.051062500000000004 0.1624722222222222
1 0.26327083333333334 0.3707037037037037 0.029531250000000002 0.11581481481481481
1 0.4761458333333334 0.3324259259259259 0.02480729166666667 0.09501851851851852
1 0.3197552083333333 0.3728148148148148 0.031640625 0.12038888888888889
1 0.65790625 0.4069166666666667 0.03134375 0.1098888888888889
0 0.16294270833333335 0.4615185185185185 0.033468750000000005 0.1573611111111111
2 0.40602604166666667 0.8819444444444444 0.035833333333333335 0.07197222222222223
2 0.7495208333333333 0.7699444444444444 0.02703125 0.058583333333333334
2 0.7608489583333333 0.44922222222222224 0.012375 0.027453703703703702
2 0.7216614583333333 0.5375185185185185 0.014656250000000001 0.034138888888888885
2 0.8967708333333333 0.6254259259259259 0.021442708333333334 0.03930555555555556
2 0.926640625 0.6104907407407408 0.017354166666666667 0.039296296296296294
2 0.21878645833333332 0.46564814814814814 0.013614583333333334 0.02691666666666667
2 0.564578125 0.49177777777777776 0.013895833333333333 0.031342592592592596
2 0.8724375 0.6122685185185185 0.020770833333333336 0.04147222222222222
2 0.9012291666666666 0.5731203703703704 0.017916666666666668 0.03232407407407407
1 0.50646875 0.2948611111111111 0.018796875 0.07334259259259258
1 0.6421458333333334 0.3205277777777778 0.01934375 0.07988888888888888
1 0.60753125 0.3211851851851852 0.017713541666666666 0.07672222222222222
2 0.66053125 0.36086111111111113 0.010234374999999999 0.017564814814814814
3 0.7199895833333334 0.35503703703703704 0.010151041666666666 0.01739814814814815
3 0.16493229166666667 0.39287037037037037 0.01046875 0.01937037037037037
2 0.23360937499999998 0.4014537037037037 0.01175 0.023925925925925927
2 0.06626041666666667 0.38425925925925924 0.011223958333333334 0.027037037037037037
2 0.13482291666666668 0.36466666666666664 0.013958333333333333 0.02397222222222222
2 0.12775520833333334 0.4267222222222222 0.014114583333333335 0.02637037037037037
2 0.21896354166666668 0.4281666666666667 0.0125 0.024805555555555556
2 0.184734375 0.44589814814814815 0.01375 0.01711111111111111
2 0.7373697916666667 0.5057962962962963 0.014489583333333333 0.026472222222222223
2 0.6147812500000001 0.3517962962962963 0.009317708333333334 0.016314814814814817
2 0.558734375 0.3063333333333333 0.008572916666666668 0.016444444444444446