1 0.5962135416666666 0.5970185185185185 0.05915104166666666 0.18612037037037035
1 0.9037708333333333 0.6911111111111111 0.05803125 0.21925
1 0.9559010416666667 0.9082129629629629 0.08819791666666667 0.18357407407407406
1 0.7171666666666667 0.6548611111111111 0.056666666666666664 0.2069537037037037
1 0.7635364583333334 0.6114722222222222 0.05482291666666667 0.1854259259259259
1 0.7062447916666666 0.41944444444444445 0.036390625 0.11983333333333332
1 0.5623802083333334 0.36253703703703705 0.03059375 0.10342592592592594
1 0.08961979166666666 0.43316666666666664 0.03925520833333333 0.13262962962962963
1 0.13841145833333332 0.5116666666666667 0.05435416666666667 0.17124999999999999
1 0.19878125000000002 0.5459444444444445 0.048374999999999994 0.1763611111111111
1 0.2812708333333333 0.4735462962962963 0.04625 0.14851851851851852
1 0.2533489583333333 0.5769537037037037 0.0535625 0.1962685185185185
1 0.23801041666666667 0.37978703703703703 0.03094791666666667 0.1137037037037037
1 0.26932812500000003 0.37371296296296297 0.029333333333333333 0.11193518518518518
1 0.3207552083333333 0.37349074074074073 0.029744791666666666 0.11643518518518518
1 0.4805729166666667 0.33575925925925926 0.022260416666666668 0.09203703703703704
1 0.6456510416666668 0.33516666666666667 0.020755208333333334 0.08371296296296296
2 0.7170260416666667 0.5696203703703704 0.016010416666666666 0.03575
2 0.9111770833333334 0.5992037037037037 0.016619791666666668 0.03662962962962963
2 0.9884583333333333 0.8476111111111111 0.023088541666666667 0.06185185185185185
2 0.24503124999999998 0.9685092592592592 0.03894270833333333 0.06298148148148147
2 0.254578125 0.49379629629629623 0.014973958333333334 0.029083333333333333
2 0.23001041666666666 0.44979629629629625 0.012411458333333332 0.02601851851851852
2 0.5979739583333333 0.5190833333333333 0.01565625 0.030999999999999996
2 0.765546875 0.47449074074074077 0.013317708333333334 0.02598148148148148
2 0.145828125 0.44885185185185184 0.014588541666666668 0.027999999999999997
2 0.16430208333333332 0.3824074074074074 0.013463541666666667 0.02451851851851852
2 0.09530729166666667 0.38102777777777774 0.011505208333333333 0.02864814814814815
3 0.17930729166666665 0.4090648148148148 0.012609375 0.02262037037037037
2 0.2778333333333334 0.422537037037037 0.011598958333333333 0.02312962962962963
2 0.24034375 0.3341851851851852 0.009515625 0.021879629629629627
2 0.7694739583333334 0.5326296296296297 0.013760416666666667 0.029083333333333333
1 0.6638593749999999 0.4214259259259259 0.03506770833333333 0.10602777777777778
1 0.6142916666666667 0.3389351851851852 0.018859375 0.08013888888888888
1 0.5056458333333333 0.3002962962962963 0.019255208333333333 0.07164814814814814
3 0.7103750000000001 0.36987037037037035 0.011125 0.020314814814814817
2 0.6639322916666667 0.37725000000000003 0.010348958333333333 0.017074074074074075
2 0.6341927083333334 0.3789537037037037 0.009755208333333333 0.016287037037037037
2 0.6123072916666668 0.3701574074074074 0.009338541666666667 0.01712037037037037
2 0.6177447916666666 0.4120462962962963 0.011213541666666667 0.01998148148148148
2 0.20088020833333334 0.4670462962962963 0.014010416666666666 0.017342592592592593
2 0.3213802083333333 0.3256759259259259 0.008416666666666666 0.02037962962962963