1 0.6017291666666666 0.8563981481481481 0.08484375000000001 0.2871944444444445
1 0.9727604166666667 0.8201111111111111 0.05447916666666666 0.27574074074074073
1 0.92390625 0.7338148148148148 0.08097916666666666 0.23196296296296298
1 0.7990104166666666 0.7017592592592592 0.06360416666666667 0.2314074074074074
1 0.5311770833333334 0.7792314814814816 0.07077083333333332 0.2761574074074074
1 0.389265625 0.725 0.06505729166666667 0.2488240740740741
1 0.2456458333333333 0.6292962962962962 0.06456770833333333 0.21427777777777776
1 0.24891666666666667 0.41861111111111116 0.040817708333333334 0.13410185185185186
1 0.10680208333333334 0.4568425925925926 0.040854166666666664 0.1581111111111111
1 0.17640104166666667 0.4705740740740741 0.04291145833333333 0.15232407407407406
1 0.35426562500000003 0.6611574074074074 0.054609374999999995 0.2209351851851852
1 0.35846354166666666 0.5223055555555556 0.04703125 0.15724074074074074
1 0.6935729166666668 0.5346296296296296 0.04635416666666667 0.1660462962962963
1 0.7351093750000001 0.47635185185185186 0.03172916666666667 0.14017592592592593
1 0.5941510416666667 0.3885 0.030546874999999998 0.11186111111111112
1 0.313265625 0.3832037037037037 0.031802083333333335 0.10993518518518519
1 0.28746875000000005 0.5330462962962963 0.03471875 0.1809722222222222
1 0.1373541666666667 0.432962962962963 0.031057291666666667 0.14222222222222222
1 0.6424010416666667 0.48253703703703704 0.03816145833333333 0.08839814814814814
1 0.6563802083333333 0.42760185185185184 0.031802083333333335 0.1157962962962963
2 0.5372864583333333 0.661037037037037 0.02099479166666667 0.04066666666666667
2 0.5932239583333333 0.7375925925925926 0.02403125 0.048231481481481486
2 0.8040937499999999 0.6041481481481482 0.017885416666666668 0.03627777777777778
2 0.9904322916666667 0.703462962962963 0.01913541666666667 0.04198148148148149
2 0.9285052083333334 0.6384907407407407 0.02071875 0.04087962962962963
2 0.24820833333333334 0.5487592592592593 0.019328124999999998 0.03655555555555555
2 0.35785937500000004 0.5685370370370371 0.017614583333333333 0.0361574074074074
2 0.3622135416666667 0.4588796296296296 0.013848958333333333 0.030490740740740742
2 0.28528125 0.45720370370370367 0.012953125000000001 0.029861111111111113
3 0.7342864583333333 0.41874074074074075 0.013151041666666667 0.02358333333333333
2 0.6995625000000001 0.46944444444444444 0.013520833333333334 0.026
2 0.6422656250000001 0.44978703703703704 0.012437499999999999 0.022462962962962966
2 0.7121979166666667 0.4364074074074074 0.011807291666666667 0.021592592592592594
2 0.6110364583333333 0.5005185185185185 0.015458333333333333 0.026759259259259257
2 0.6568020833333333 0.37980555555555556 0.009572916666666665 0.019083333333333334
2 0.10580729166666666 0.39369444444444446 0.013557291666666667 0.03126851851851852
2 0.14096354166666666 0.37571296296296297 0.011489583333333333 0.02765740740740741
2 0.18405729166666665 0.4084814814814815 0.012760416666666666 0.027777777777777776
2 0.24960416666666668 0.36645370370370367 0.011520833333333334 0.02940740740740741
1 0.27075 0.3445740740740741 0.028390625 0.09724074074074074
1 0.4965260416666667 0.3022222222222222 0.016744791666666665 0.0726574074074074
1 0.5749270833333333 0.3118796296296296 0.019744791666666664 0.07493518518518519
2 0.3920416666666667 0.6159814814814815 0.019770833333333335 0.030481481481481484
2 0.5964010416666666 0.34075 0.010432291666666668 0.016638888888888887