1 0.2624296875 0.46729166666666666 0.029945312499999998 0.11475
1 0.3221171875 0.46720833333333334 0.031078125 0.1062638888888889
1 0.375265625 0.46427777777777773 0.028296875 0.11069444444444444
1 0.7597968749999999 0.5415833333333333 0.093140625 0.3371527777777778
1 0.650984375 0.46175 0.0462265625 0.16395833333333332
1 0.5823984375 0.4574444444444445 0.0384375 0.13602777777777778
1 0.481859375 0.4894444444444444 0.055906250000000005 0.19230555555555556
1 0.5256875 0.4634027777777777 0.035914062499999996 0.13055555555555556
2 0.7444921875 0.40302777777777776 0.028984375 0.060319444444444446
2 0.6459296875 0.396875 0.013421875 0.030888888888888886
2 0.578203125 0.40205555555555555 0.011476562499999999 0.023763888888888886
2 0.479171875 0.41273611111111114 0.01571875 0.03638888888888889
2 0.5238984375 0.4105 0.011796875 0.024652777777777777
2 0.262859375 0.42211111111111116 0.010609375 0.024138888888888887
0 0.157734375 0.476375 0.029921874999999997 0.14044444444444446