0 0.226859375 0.49152777777777773 0.03421875 0.16281944444444446
1 0.7642421875000001 0.5214722222222222 0.08089062500000001 0.25552777777777774
1 0.682453125 0.4892638888888889 0.06301562499999999 0.22244444444444444
1 0.8881718749999999 0.5483888888888888 0.1254609375 0.3803888888888889
1 0.47535937500000003 0.46930555555555553 0.042484375000000005 0.1532777777777778
1 0.58878125 0.48212499999999997 0.0519296875 0.18101388888888892
1 0.3106484375 0.5103472222222222 0.047695312499999996 0.18894444444444444
2 0.8774921875 0.3933888888888889 0.0332265625 0.06576388888888889
2 0.856171875 0.39344444444444443 0.023679687499999998 0.06776388888888889
2 0.756546875 0.41831944444444447 0.027250000000000003 0.04541666666666667
2 0.309375 0.4348333333333333 0.018882812500000002 0.03788888888888889
2 0.6817890625 0.39834722222222224 0.01875 0.037986111111111116
1 0.3893984375 0.4726111111111111 0.0315546875 0.15147222222222223