1 0.9040078125000001 0.5186111111111111 0.096046875 0.3056111111111111
1 0.55340625 0.48640277777777774 0.047375 0.18143055555555554
1 0.749296875 0.5110555555555555 0.06381250000000001 0.23675000000000002
1 0.46788281249999997 0.49391666666666667 0.04146875 0.18540277777777778
1 0.341515625 0.4898611111111111 0.046554687500000004 0.16641666666666666
1 0.28518750000000004 0.47518055555555555 0.0298359375 0.124875
0 0.25321875 0.5064305555555555 0.0373359375 0.18312499999999998
0 0.17846875 0.5 0.030734375 0.1505138888888889
2 0.90415625 0.3944722222222222 0.031890625 0.05498611111111112
2 0.5472890625 0.4151527777777778 0.01975 0.03805555555555555
2 0.74015625 0.41675 0.022875 0.048833333333333326
2 0.7153203125 0.4194583333333333 0.019671875 0.03955555555555556
2 0.45992187500000004 0.41931944444444447 0.016328125 0.034972222222222224
2 0.28483593749999997 0.42519444444444443 0.013703125 0.02672222222222222