1 0.9148125 0.49033333333333334 0.07496875 0.24016666666666664
1 0.7231796875 0.46620833333333334 0.0579609375 0.17772222222222223
1 0.6238125 0.5114583333333333 0.07943750000000001 0.2565138888888889
1 0.2719140625 0.48554166666666665 0.041249999999999995 0.14554166666666668
1 0.47727343749999995 0.47037500000000004 0.042734375000000005 0.1423611111111111
1 0.350203125 0.4635416666666667 0.0365234375 0.12416666666666668
1 0.5133281249999999 0.4645694444444445 0.036867187499999995 0.1342638888888889
1 0.5471874999999999 0.46954166666666663 0.029914062499999998 0.16891666666666666
0 0.1903203125 0.48773611111111115 0.0318671875 0.14975
2 0.9061484375 0.3930972222222222 0.0266171875 0.044736111111111115
2 0.7207734375 0.3935 0.017710937500000003 0.030666666666666665
2 0.6208125 0.40781944444444446 0.0232890625 0.04641666666666667
2 0.55034375 0.39888888888888885 0.013984374999999999 0.027680555555555555
1 0.475171875 0.41325 0.012687499999999999 0.027388888888888886
2 0.50690625 0.412 0.012148437500000001 0.025527777777777778
2 0.272515625 0.42925 0.01534375 0.030305555555555554