0 0.19415625 0.5575972222222223 0.072203125 0.2937222222222222
0 0.292421875 0.5331944444444444 0.039218750000000004 0.22012500000000002
0 0.49406249999999996 0.6059166666666667 0.08917968750000001 0.4183888888888889
1 0.631984375 0.558125 0.08346875000000001 0.3106527777777778
1 0.6994453125 0.5292222222222223 0.0729140625 0.2828888888888889
1 0.77546875 0.5681805555555555 0.10104687500000001 0.3574722222222222
0 0.8309140625 0.7468888888888888 0.0010937499999999999 0.004083333333333333
3 0.190265625 0.43490277777777775 0.0233828125 0.050499999999999996
3 0.289734375 0.4412777777777778 0.019234375 0.03652777777777778
2 0.4582890625 0.4286388888888889 0.020585937500000002 0.048125
2 0.6260703125 0.4318055555555555 0.026664062500000002 0.06140277777777778
2 0.686796875 0.4156388888888889 0.024921875 0.05606944444444444
2 0.7632265625 0.42943055555555554 0.037828125000000004 0.06858333333333334
2 0.7810463840705835 0.3894892087110802 0.7944108534134411 0.3894892087110803 0.801774948765628 0.3982215254183733 0.8039569029440538 0.40986461436143073 0.8036841586717506 0.4210225745985273 0.8012294602210215 0.4355764357773491 0.7985020174979894 0.44867491083828875 0.7916834106904089 0.45207081178001374 0.7851375481551318 0.45304106919193526 0.7810463840705836 0.4467343960144458 0.7794099184367643 0.44285336636676 0.7794099184367643 0.4219928320104488 0.7815918726151899 0.41956718848064517 0.777773452802945 0.41083487177335215 0.7731368001737902 0.4011322976541376 0.7780461970752481 0.3923999809468446
3 0.4809375 0.42758333333333337 0.024656249999999998 0.060319444444444446