2 0.2634666666666667 0.37990654205607477 0.09953333333333333 0.2110547396528705
2 0.44277500000000003 0.34941255006675564 0.08635833333333333 0.17353805073431242
2 0.09734166666666667 0.34590120160213617 0.08343333333333333 0.1711882510013351
2 0.6074416666666667 0.2861014686248331 0.07025833333333334 0.15946595460614152
1 0.5793956938442604 0.22244277344220467 0.5967508643971992 0.20319291804816764 0.619446087427965 0.19891517240504836 0.6448113366976446 0.23741488319312223 0.642141310458731 0.33152528734174724 0.6688415728478676 0.3550528883789036 0.6861967434008062 0.43205230995505134 0.7169020451483131 0.42991343713349167 0.7249121238650539 0.4619965294568866 0.708891966431572 0.4876630033156024 0.6955418352370037 0.4812463848509235 0.6955418352370037 0.5154683499958781 0.7115619926704856 0.5197460956389973 0.7128970057899424 0.5432736966761537 0.7022169008342879 0.5732179161779889 0.6688415728478674 0.5603846792486309 0.6955418352370037 0.6459395921110174 0.6928718089980902 0.7015502854715685 0.7115619926704856 0.7165223952224862 0.6942068221175469 0.8213271634789094 0.6955418352370037 0.8448547645160658 0.6688415728478674 0.8576880014454238 0.650151389175472 0.8897710937688187 0.6434763235781878 0.9368262958431312 0.6101009955917672 0.9411040414862505 0.6060959562333967 1 0.574055641366433 1 0.5633755364107784 0.8897710937688187 0.5326702346632717 0.8598268742669833 0.5406803133800125 0.7272167593302844 0.5206551165881602 0.641661846467898 0.5313352215438147 0.5817734074642276 0.5393453002605557 0.5218849684605571 0.5206551165881602 0.43419118277661095 0.5406803133800125 0.36574725248670187 0.5713856151275194 0.3229697960555087
1 0.30972304371398246 0.43846892841973034 0.36045354225334164 0.4619965294568866 0.3964988964786759 0.5903288987504661 0.40317396207596007 0.6309674823600997 0.411184040792701 0.6523562105756964 0.39115884400084855 0.6908559213637702 0.3751386865673667 0.799938435263313 0.35911852913388487 0.793521816798634 0.3671286078506258 0.8469936373376254 0.36045354225334164 1 0.11214110203437291 1 0.12148619387057068 0.9453817871293697 0.10813606267600245 0.8833544753041397 0.10146099707871846 0.8448547645160658 0.11080608891491622 0.8320215275867078 0.13483632506513898 0.8320215275867078 0.1602015743348186 0.7635775972967986 0.13483632506513898 0.7721330885830373 0.08277081340632297 0.7614387244752391 0.07209070845066838 0.7122446495793668 0.0801007871674093 0.6887170485422105 0.05874057725610006 0.6673283203266139 0.05874057725610006 0.6266897367169805 0.09078089212306381 0.6159953726091821 0.10413102331763198 0.6181342454307418 0.19758194167960946 0.44060780124128995 0.22294719094928914 0.4534410381706479 0.21226708599363453 0.40638583609633544 0.21226708599363453 0.31869205041238935 0.25098246645788236 0.27377572115963644 0.2776827288470187 0.2759145939811961 0.3137280830723529 0.3122754319477103 0.31639810931126655 0.3999692176316564
1 0.7681158954200303 0.7042740688619642 0.7738999006566267 0.7950883566889017 0.8005063247449713 0.7802615341865445 0.8039767278869292 0.7561679476202141 0.8201719425493996 0.7487545363690357 0.8201719425493995 0.7061274216747588 0.8305831519752737 0.7135408329259373 0.8456215655904248 0.6857405407340176 0.8641303823475338 0.6913005991724015 0.8699143875841305 0.6597936013548925 0.8699143875841305 0.6116064282222319 0.8837960001519626 0.6004863113454642 0.87107118863145 0.4577781447602767 0.8479351676850635 0.4318312053811517 0.8733847907260888 0.38549738506128567 0.8664439844421726 0.36140379849495524 0.8837960001519626 0.34843032880539276 0.8837960001519626 0.3095099197367052 0.8560327750162988 0.31692333098788383 0.8456215655904249 0.2780029219191963 0.8236423456913577 0.2650294522296338 0.8305831519752737 0.23537580722491955 0.8167015394074418 0.1742151644026964 0.7866247121771395 0.1742151644026964 0.7704294975146689 0.1946020453434375 0.7692726964673496 0.23908251285050888 0.7692726964673496 0.2613227466040446 0.7438230734263244 0.2724428634808125 0.7287846598111732 0.32433674223906245 0.7079622409594254 0.3132166253622946 0.6975510315335515 0.3280434478646517 0.7056486388647867 0.3558437400565714 0.7160598482906606 0.3614037984949553 0.713746246196022 0.37437726818451783 0.6987078325808708 0.3762306209973124 0.6987078325808708 0.4077376188148214 0.7230006545745766 0.4281244997555624 0.7403526702843665 0.41885773569158924 0.7368822671424085 0.45407143913468745 0.7102758430540641 0.49855190664175886 0.7172166493379799 0.5726860191535446 0.7102758430540641 0.6134597810350266 0.7276278587638539 0.6171664866606159 0.7264710577165345 0.6857405407340177 0.7438230734263244 0.7042740688619642 0.756547884946837 0.6931539519851962
1 0.4039873729578275 0.3095508981855995 0.420088318981509 0.26968449463139343 0.4449715991999259 0.26264924694535713 0.4771734912472889 0.28610007256547837 0.48449210307623514 0.33534680636773284 0.47863721361307826 0.3939738704180358 0.5049842161972843 0.40804436579010844 0.5313312187814905 0.4737066775264477 0.5386498306104368 0.5393689892627871 0.5445047200735936 0.5815804753790051 0.5123028280262306 0.619101796371199 0.540113552976226 0.7316657593477808 0.5415772753420153 0.8958215386886287 0.521085162220966 0.9169272817467379 0.540113552976226 0.9497584376149076 0.5415772753420153 1 0.3600757019841507 0.999005171417162 0.3644668690815183 0.8325043095143018 0.3556845348867829 0.7879477408360716 0.3805678151051998 0.7832575757120473 0.39666876112888133 0.6800739429835141 0.40691481768940596 0.6425526219913202 0.3952050387630921 0.6097214661231507 0.39374131639730287 0.5651648974449204 0.3834952598367783 0.5440591543868113 0.3630031467157291 0.46667142984041143 0.3454384783262583 0.4526009344683387 0.39959620586045974 0.377558292483951
2 0.7984166666666667 0.2351535380507343 0.05909166666666666 0.11423230974632845
2 0.8827916666666666 0.18248331108144192 0.05144166666666666 0.09524699599465955
2 0.94325 0.15037383177570093 0.03874166666666667 0.08026702269692923
2 0.6730333333333334 0.1856875834445928 0.04475833333333334 0.07599465954606142
2 0.50515 0.22353805073431243 0.049600000000000005 0.09519359145527369
2 0.5483583333333333 0.20934579439252338 0.0493 0.10105473965287048
2 0.195725 0.3107076101468625 0.06743333333333333 0.13934579439252337
2 0.332425 0.2729372496662216 0.05923333333333333 0.1202136181575434