1 0.6417447916666668 0.612175925925926 0.07530208333333334 0.20305555555555557
1 0.80725 0.6302777777777778 0.12146875 0.2726296296296296
1 0.7331041666666667 0.587537037037037 0.049093750000000005 0.1925462962962963
3 0.6429479166666667 0.5244814814814815 0.013171875 0.029064814814814814
3 0.7918958333333334 0.5129166666666667 0.026526041666666667 0.03627777777777778
3 0.968890625 0.48202777777777783 0.026109375 0.05337962962962963
3 0.9267239583333333 0.49442592592592594 0.018671875 0.03280555555555555
3 0.403796875 0.5184814814814815 0.0341875 0.07367592592592592
3 0.4369479166666667 0.5175555555555555 0.031083333333333334 0.06814814814814814
2 0.2784583333333333 0.4879166666666667 0.09546875 0.1615185185185185
2 0.6590625 0.5108333333333334 0.012822916666666666 0.02059259259259259
3 0.7395572916666667 0.5106481481481482 0.013484375 0.03047222222222222
2 0.7287239583333334 0.503287037037037 0.012317708333333333 0.025416666666666667
1 0.7640104166666667 0.5156296296296297 0.03303645833333333 0.07097222222222223