3 0.3946927083333333 0.5235 0.03647916666666667 0.07487962962962963
3 0.43098437500000003 0.519824074074074 0.03008854166666667 0.0702037037037037
1 0.5735104166666667 0.7023703703703703 0.14245833333333333 0.4178055555555556
1 0.6658437500000001 0.6057314814814815 0.05817708333333334 0.17090740740740742
1 0.772265625 0.5896574074074075 0.08088020833333333 0.20685185185185187
3 0.5751614583333333 0.5195185185185186 0.024046875000000002 0.051240740740740746
2 0.6624322916666666 0.5328703703703703 0.01578125 0.02451851851851852
2 0.7628489583333333 0.5079907407407407 0.015557291666666667 0.029666666666666668
3 0.7904739583333333 0.5055648148148149 0.022109375 0.03475
1 0.8337239583333333 0.611638888888889 0.08889062499999999 0.23703703703703705
3 0.85571875 0.514212962962963 0.026026041666666666 0.041416666666666664
2 0.18880208333333334 0.4172222222222222 0.1567916666666667 0.22421296296296298