1 0.5817708333333333 0.7061018518518519 0.14934375 0.43871296296296297
1 0.6822083333333333 0.6264259259259259 0.060869791666666666 0.22875
1 0.8116249999999999 0.5982685185185185 0.11382291666666666 0.2375462962962963
1 0.7198281249999999 0.5635185185185185 0.0491875 0.1529074074074074
3 0.5777135416666667 0.5146018518518518 0.024166666666666666 0.056185185185185185
2 0.6783281250000001 0.5271666666666667 0.021921875 0.03138888888888889
2 0.8375989583333333 0.4991203703703703 0.03015625 0.038935185185185184
2 0.7990312500000001 0.5000833333333333 0.01903125 0.03174074074074074
3 0.3489791666666667 0.4371203703703703 0.0726875 0.20214814814814813
3 0.28372916666666664 0.4397037037037037 0.08165625 0.17349074074074075
3 0.715 0.49718518518518523 0.013583333333333333 0.01997222222222222
2 0.81271875 0.47092592592592597 0.009572916666666665 0.01525
2 0.8209010416666668 0.46773148148148147 0.008760416666666666 0.015712962962962963