1 0.6102135416666666 0.6542222222222221 0.09634895833333333 0.2826296296296296
3 0.605234375 0.5313611111111111 0.016369791666666668 0.0360462962962963
1 0.8012239583333333 0.624361111111111 0.08153125 0.24568518518518517
1 0.74603125 0.5890648148148149 0.056276041666666665 0.1827777777777778
1 0.6589062499999999 0.587462962962963 0.042208333333333334 0.1398148148148148
2 0.6585833333333333 0.5312962962962963 0.014854166666666667 0.024046296296296295
3 0.8104375 0.5196574074074074 0.02184375 0.03584259259259259
2 0.741921875 0.5114907407407407 0.013833333333333333 0.02659259259259259
3 0.7584322916666667 0.511962962962963 0.014869791666666667 0.026435185185185187
2 0.37440104166666666 0.4822777777777778 0.07511458333333333 0.11212962962962962
3 0.42569270833333334 0.5330740740740741 0.030312500000000003 0.060527777777777785
3 0.4544583333333333 0.5336388888888889 0.026651041666666667 0.06496296296296296
3 0.78625 0.5072500000000001 0.019260416666666665 0.029694444444444443