1 0.582328125 0.7160648148148149 0.16197395833333333 0.4509722222222222
1 0.7622864583333333 0.580787037037037 0.050333333333333334 0.14478703703703705
1 0.6934270833333334 0.6405740740740741 0.07549479166666666 0.25298148148148153
3 0.571515625 0.5192222222222223 0.02364583333333333 0.05670370370370371
2 0.6842708333333333 0.531962962962963 0.021453125 0.035083333333333334
3 0.7092135416666667 0.5074166666666666 0.01696354166666667 0.028037037037037037
1 0.7895677083333333 0.5440648148148148 0.03391145833333333 0.1235
2 0.7821822916666666 0.4973518518518518 0.010796875000000001 0.020305555555555556
2 0.7371510416666667 0.4810277777777778 0.010005208333333333 0.018833333333333334
3 0.17636458333333332 0.2993796296296296 0.140875 0.28982407407407407
2 0.7716458333333333 0.5220092592592592 0.015156250000000001 0.024537037037037038
2 0.7591979166666667 0.51875 0.010875 0.020416666666666666