1 0.5883125 0.6979629629629629 0.14341145833333335 0.4296203703703704
1 0.8034010416666667 0.6080555555555556 0.10334895833333334 0.2603611111111111
1 0.753984375 0.5354722222222221 0.04124479166666666 0.12362962962962964
1 0.6813229166666667 0.6134907407407408 0.06826041666666667 0.19925
3 0.5939531250000001 0.5106111111111111 0.024109375 0.054296296296296294
2 0.6592760416666666 0.5320833333333334 0.01921875 0.0364537037037037
2 0.7888958333333334 0.49803703703703706 0.019375 0.033185185185185186
2 0.829125 0.49626851851851855 0.026255208333333332 0.036175925925925924
3 0.38059375 0.48258333333333336 0.04908333333333333 0.09403703703703704
3 0.42777604166666666 0.48703703703703705 0.04449479166666667 0.10740740740740741
3 0.8613125 0.4899722222222222 0.01609375 0.029083333333333333
3 0.8883385416666666 0.5057870370370371 0.01973958333333333 0.04548148148148148