1 0.41233854166666667 0.538375 0.08744010416666666 0.36581018518518515
2 0.41670833333333335 0.3819537037037037 0.025044270833333333 0.05372222222222223
1 0.17958072916666667 0.5300925925925926 0.0684140625 0.22037962962962962
2 0.2035598958333333 0.43862962962962965 0.020432291666666665 0.03669907407407407
1 0.47530468750000004 0.5291342592592593 0.0154765625 0.06558333333333333
1 0.4957994791666666 0.5298611111111111 0.016703125 0.05339814814814815
1 0.537171875 0.531986111111111 0.017815104166666665 0.11689814814814815
1 0.5110859375 0.5308101851851852 0.0101484375 0.041462962962962965
1 0.3739427083333334 0.531625 0.02540104166666667 0.09478703703703704
2 0.33574739583333335 0.46247222222222223 0.015690104166666666 0.025986111111111113
3 0.31129427083333333 0.47300462962962964 0.0093359375 0.024527777777777777
3 0.29342447916666664 0.47528240740740735 0.013614583333333334 0.026046296296296297
3 0.29816927083333333 0.4986944444444445 0.010278645833333332 0.02209259259259259
2 0.3745755208333333 0.49268981481481483 0.00825 0.016064814814814816