1 0.07381770833333333 0.5449907407407407 0.1476328125 0.5557962962962962
1 0.3887109375 0.5431203703703704 0.06252864583333334 0.20919444444444446
1 0.5236223958333334 0.5426435185185184 0.04716666666666667 0.10718518518518519
2 0.07279687500000001 0.3139351851851852 0.0450859375 0.09184259259259259
2 0.3881145833333333 0.4560972222222222 0.016044270833333332 0.03370833333333333
2 0.5217005208333333 0.4976018518518518 0.009278645833333333 0.01603240740740741
1 0.18553906250000002 0.5433333333333333 0.07759114583333333 0.22017129629629628
2 0.160609375 0.5488703703703703 0.027533854166666667 0.04285648148148148
2 0.1917734375 0.45381481481481484 0.016940104166666668 0.03910648148148148
2 0.34363541666666664 0.4754166666666667 0.014854166666666667 0.028935185185185185
3 0.29330208333333335 0.4870833333333333 0.013903645833333334 0.02562962962962963
3 0.3105546875 0.48605555555555563 0.008666666666666666 0.022875