1 0.36609375 0.541162037037037 0.0636640625 0.22872222222222224
1 0.4415234375 0.5381851851851852 0.036054687499999995 0.12781944444444443
1 0.5239973958333334 0.5414583333333333 0.0604453125 0.13442129629629632
2 0.5230442708333334 0.48511111111111105 0.0110546875 0.021657407407407406
2 0.3705833333333333 0.4470462962962963 0.016580729166666665 0.03980092592592593
2 0.4420677083333333 0.48482870370370373 0.009473958333333334 0.021666666666666664
2 0.16238802083333334 0.5436018518518518 0.028473958333333334 0.042652777777777776
2 0.19103124999999999 0.45154629629629633 0.014354166666666666 0.039060185185185184
2 0.3443515625 0.47326851851851853 0.014 0.027050925925925926
3 0.29301041666666666 0.4853657407407408 0.013885416666666667 0.02623148148148148
3 0.31058854166666666 0.48394907407407406 0.009036458333333334 0.021898148148148146