1 0.24147395833333332 0.541449074074074 0.11470052083333333 0.3771805555555556
1 0.41333593750000003 0.5415833333333333 0.05 0.1731712962962963
1 0.5259765625 0.5423703703703704 0.051835937500000005 0.11383333333333333
2 0.24717447916666666 0.3835648148148148 0.029395833333333333 0.061370370370370374
2 0.41387239583333335 0.46950462962962963 0.014109375 0.028944444444444446
2 0.5250598958333333 0.494050925925926 0.009549479166666668 0.017805555555555557
2 0.19215104166666666 0.45287962962962963 0.015166666666666667 0.03942592592592593
2 0.1609765625 0.5478425925925926 0.028401041666666668 0.0444212962962963
3 0.09401302083333334 0.5212824074074074 0.024374999999999997 0.046435185185185184
3 0.29304166666666664 0.48633333333333334 0.014255208333333333 0.02587037037037037
2 0.3432604166666666 0.47468981481481476 0.015075520833333333 0.027708333333333335
3 0.3105 0.48521296296296296 0.0087890625 0.023625
2 0.5518880208333333 0.5093472222222223 0.0069921875 0.01588888888888889