1 0.4054036458333333 0.538425925925926 0.04649479166666667 0.1662685185185185
1 0.4940078125 0.5410046296296296 0.07355729166666666 0.1642824074074074
2 0.49972916666666667 0.472337962962963 0.014466145833333333 0.027689814814814816
2 0.4071770833333333 0.4703564814814815 0.012158854166666667 0.02950925925925926
1 0.4582265625 0.5380648148148148 0.025328125 0.10269907407407408
2 0.460375 0.4958148148148148 0.007111979166666667 0.017601851851851855
2 0.190765625 0.4498333333333333 0.015072916666666667 0.03891666666666667
3 0.29328645833333333 0.4840694444444444 0.014080729166666667 0.025689814814814815
3 0.3108046875 0.4825555555555555 0.009942708333333333 0.02203240740740741
2 0.3443802083333333 0.47177314814814814 0.013848958333333333 0.027435185185185184
2 0.16110416666666666 0.545675925925926 0.02615625 0.043375
3 0.09168489583333334 0.5183333333333333 0.024463541666666665 0.04651388888888889
3 0.29705729166666667 0.5072500000000001 0.010166666666666666 0.02397222222222222