1 0.1884583333333333 0.5439074074074074 0.284328125 0.5935324074074074
1 0.46836979166666665 0.5354675925925926 0.05480989583333333 0.22097685185185184
2 0.47194010416666665 0.44279166666666664 0.014645833333333334 0.03461574074074074
2 0.21526041666666668 0.29205092592592596 0.050312499999999996 0.09016203703703704
1 0.49545833333333333 0.5295740740740741 0.016755208333333334 0.06079629629629629
1 0.5268854166666667 0.5329814814814815 0.015130208333333334 0.06259722222222222
2 0.38271614583333335 0.4962407407407408 0.009552083333333333 0.017527777777777778
2 0.34055208333333337 0.4644305555555555 0.014458333333333333 0.025768518518518517
3 0.31359114583333336 0.47665740740740736 0.009734375 0.022087962962962962
3 0.2953541666666667 0.477824074074074 0.014260416666666666 0.024421296296296295
3 0.30466145833333336 0.503337962962963 0.010184895833333334 0.022555555555555554
1 0.5439270833333333 0.5298796296296296 0.01946875 0.0969074074074074
2 0.54884375 0.489087962962963 0.008611979166666667 0.015092592592592593