1 0.46855989583333335 0.5390046296296296 0.08178125 0.1811111111111111
1 0.42291666666666666 0.5359675925925926 0.0427109375 0.14547685185185186
1 0.5165494791666666 0.5401805555555556 0.022440104166666665 0.09918981481481481
2 0.47515625 0.46270833333333333 0.015213541666666667 0.02846296296296296
2 0.42321875000000003 0.47683333333333333 0.011052083333333332 0.02664814814814815
2 0.516875 0.49813425925925925 0.007046874999999999 0.01475
2 0.18966666666666668 0.4479490740740741 0.016557291666666665 0.038495370370370374
2 0.16064583333333332 0.5444490740740741 0.029385416666666667 0.04409259259259259
3 0.08995312500000001 0.5136851851851851 0.024304687499999998 0.04550462962962963
2 0.34211718750000003 0.47168055555555555 0.01359375 0.027384259259259257
3 0.29323177083333335 0.48248611111111117 0.014023437500000001 0.02562962962962963
3 0.31063541666666666 0.4816944444444445 0.0092421875 0.021689814814814815
3 0.29755208333333333 0.5057777777777778 0.010075520833333332 0.022287037037037036