1 0.33273958333333337 0.530175925925926 0.15730208333333331 0.3403981481481481
2 0.34434895833333334 0.38592592592592595 0.029440104166666665 0.050004629629629635
1 0.49579687499999997 0.5373935185185185 0.036164062500000003 0.1567037037037037
2 0.498734375 0.47085648148148146 0.0103984375 0.024050925925925927
1 0.4611145833333333 0.5322824074074074 0.025796875 0.09439351851851852
2 0.4620677083333333 0.49400925925925926 0.007135416666666667 0.016685185185185185
1 0.5425911458333333 0.5365740740740741 0.022184895833333333 0.09787962962962962
1 0.52209375 0.5343518518518519 0.016059895833333334 0.05890277777777778
2 0.16059374999999998 0.541125 0.0265234375 0.04568055555555556
2 0.19230989583333333 0.4414583333333333 0.021174479166666666 0.03512962962962963
3 0.07628906249999999 0.49874537037037037 0.024307291666666668 0.043819444444444446
2 0.5460520833333333 0.4949398148148148 0.006859375 0.01425