1 0.38669270833333336 0.5402731481481482 0.052518229166666666 0.1919398148148148
1 0.4515885416666666 0.538263888888889 0.032130208333333334 0.1140462962962963
1 0.513140625 0.542675925925926 0.06706510416666665 0.1471759259259259
2 0.390484375 0.4604907407407407 0.014203125 0.03280555555555555
2 0.5156458333333334 0.4804675925925926 0.012606770833333333 0.02304166666666667
2 0.4519296875 0.4913287037037037 0.008736979166666665 0.020791666666666667
2 0.1912109375 0.451212962962963 0.014734375 0.03993055555555555
2 0.16080729166666666 0.5458981481481482 0.02771875 0.04403240740740741
3 0.09340625 0.5200833333333333 0.024549479166666666 0.04710648148148148
3 0.29321614583333333 0.48443981481481485 0.013856770833333334 0.025833333333333333
3 0.2969427083333333 0.5062777777777777 0.009302083333333332 0.021962962962962962
3 0.3107630208333333 0.4835972222222222 0.008515625 0.021902777777777778
2 0.34447656249999997 0.47262037037037036 0.014023437500000001 0.028402777777777777