2 0.64690625 0.9309351851851851 0.06413541666666667 0.12187962962962963
1 0.8349583333333332 0.7387962962962963 0.1606979166666667 0.5223981481481482
1 0.8610885416666666 0.42316666666666664 0.11207291666666667 0.44493518518518516
2 0.8325208333333334 0.5413796296296297 0.04992708333333333 0.1204074074074074
1 0.74571875 0.607712962962963 0.14055208333333333 0.5786944444444444
2 0.7509947916666667 0.3722314814814815 0.046296875 0.10026851851851852
1 0.8414427083333333 0.2801851851851852 0.12608854166666666 0.3714074074074074
2 0.8603958333333334 0.25332407407407403 0.04002083333333333 0.09725
2 0.8429427083333334 0.1362685185185185 0.03950520833333333 0.07988888888888888
1 0.5861041666666666 0.6044351851851851 0.13569791666666667 0.5361944444444445
1 0.6389635416666667 0.29858333333333337 0.12191666666666667 0.44089814814814815
2 0.5918072916666667 0.39099999999999996 0.048718750000000005 0.10435185185185185
1 0.5038229166666667 0.4160185185185185 0.134765625 0.4633148148148148
1 0.5024427083333334 0.16326851851851854 0.10994791666666666 0.21275925925925926
2 0.50796875 0.2407037037037037 0.04105729166666667 0.11250925925925927
1 0.30031250000000004 0.36799074074074073 0.11197916666666667 0.4489814814814815
2 0.3060260416666667 0.19216666666666665 0.038406249999999996 0.09078703703703704
2 0.6345 0.04017592592592593 0.03188020833333333 0.08035185185185185
2 0.5041822916666666 0.09632407407407408 0.03359375 0.07418518518518519
2 0.6413802083333333 0.11491666666666667 0.03492708333333334 0.07437037037037036
1 0.5266927083333334 0.7653981481481481 0.16028125000000001 0.46919444444444447
2 0.5302135416666667 0.5949444444444444 0.052656249999999995 0.12272222222222222