1 0.26885416666666667 0.4630092592592593 0.13140625 0.5101574074074074
2 0.26779166666666665 0.25769444444444445 0.043250000000000004 0.09403703703703704
1 0.7359843749999999 0.7983240740740741 0.15909374999999998 0.40335185185185185
2 0.7500260416666666 0.6541111111111112 0.05131770833333334 0.10998148148148149
1 0.822796875 0.7346481481481482 0.13659895833333333 0.5307129629629629
2 0.8032395833333333 0.5369166666666667 0.04282291666666667 0.12987037037037036
1 0.5836458333333333 0.5582685185185184 0.14094270833333333 0.5492592592592593
1 0.5969739583333333 0.23496296296296296 0.10693229166666667 0.32487962962962963
1 0.56065625 0.30559259259259264 0.12323437500000001 0.278537037037037
2 0.5919322916666666 0.3272777777777778 0.04382291666666667 0.08284259259259259
2 0.5696979166666666 0.21614814814814814 0.04069791666666667 0.09777777777777777
1 0.743703125 0.402 0.12583333333333332 0.4676111111111111
2 0.7460416666666667 0.22138888888888889 0.04065625 0.09995370370370371
2 0.59575 0.11421296296296296 0.037572916666666664 0.08352777777777777
2 0.745796875 0.10557407407407407 0.03868229166666667 0.0811851851851852
1 0.8041458333333333 0.20912962962962964 0.08174479166666666 0.4126018518518519
2 0.7928229166666667 0.03873148148148148 0.034296875 0.0774537037037037
1 0.3427395833333333 0.1403888888888889 0.09614583333333333 0.2807777777777778
1 0.5125625 0.16087962962962962 0.10758333333333334 0.32175925925925924