1 0.765703125 0.8568333333333333 0.18066145833333333 0.28633333333333333
2 0.7696927083333333 0.7802962962962964 0.06019791666666666 0.12816666666666665
2 0.58675 0.9031759259259259 0.06439062499999999 0.14349074074074075
1 0.20211458333333335 0.7137314814814815 0.14529166666666665 0.5612592592592592
2 0.213625 0.48783333333333334 0.04851041666666667 0.1107962962962963
1 0.46742187500000004 0.7534259259259259 0.16698958333333333 0.49314814814814817
1 0.4454166666666667 0.49025 0.13624479166666664 0.30583333333333335
2 0.4726197916666666 0.5811481481481481 0.05080208333333334 0.14041666666666666
1 0.87953125 0.7516851851851852 0.14370833333333335 0.4966388888888889
1 0.8741822916666667 0.47071296296296294 0.14079166666666668 0.35529629629629633
2 0.8844218749999999 0.566212962962963 0.051369791666666664 0.12035185185185185
2 0.4474427083333333 0.38725925925925925 0.04149479166666667 0.09673148148148147
1 0.6672395833333333 0.6653148148148148 0.15184375 0.6199814814814815
1 0.6941875 0.3622314814814815 0.12324479166666666 0.35418518518518516
2 0.6723750000000001 0.4021574074074074 0.04467708333333333 0.09302777777777778
2 0.8849479166666666 0.3403333333333333 0.044890624999999997 0.09110185185185185
2 0.6821927083333333 0.2408425925925926 0.037921875 0.1099537037037037
1 0.8243645833333333 0.3548148148148148 0.11587499999999999 0.4555648148148148
2 0.8250520833333332 0.1724074074074074 0.03702604166666667 0.08592592592592592
1 0.5388177083333333 0.4196944444444444 0.12069270833333333 0.4884814814814814
1 0.5307395833333334 0.176462962962963 0.12321875 0.20677777777777778
1 0.5128385416666666 0.1459814814814815 0.09480729166666667 0.291962962962963
2 0.542109375 0.22430555555555556 0.04276041666666666 0.09337962962962962
2 0.5330104166666667 0.11803703703703704 0.03835416666666667 0.08844444444444444