1 0.7787343750000001 0.856287037037037 0.15486979166666667 0.2874351851851852
2 0.7904114583333333 0.7746574074074074 0.05622395833333334 0.12029629629629629
1 0.8618802083333333 0.7861296296296296 0.16285416666666666 0.4277407407407407
2 0.846671875 0.6448055555555555 0.0475 0.1374351851851852
1 0.5475260416666666 0.44751851851851854 0.12916145833333334 0.4540648148148148
1 0.5145625 0.1774814814814815 0.10576041666666666 0.3549537037037037
2 0.5531510416666666 0.27223148148148146 0.042937499999999997 0.10282407407407407
1 0.75596875 0.47046296296296297 0.13073437499999999 0.5002314814814814
1 0.7443437500000001 0.2949537037037037 0.11621875 0.38481481481481483
2 0.7580677083333334 0.26811111111111113 0.043812500000000004 0.1057962962962963
1 0.5953802083333334 0.6644722222222222 0.14836979166666667 0.5901759259259259
1 0.602390625 0.2951388888888889 0.11300520833333333 0.3730925925925926
2 0.6030156249999999 0.4208611111111111 0.048484375 0.09293518518518519
2 0.517375 0.04087037037037037 0.03293229166666666 0.08173148148148147
2 0.6026406249999999 0.15407407407407409 0.038843749999999996 0.08733333333333333
1 0.8150520833333333 0.256 0.09603125 0.43244444444444446
2 0.8121927083333333 0.08041666666666666 0.03638541666666666 0.08437037037037037
2 0.7480572916666667 0.14600000000000002 0.041588541666666666 0.08502777777777777
1 0.16092708333333333 0.55025 0.14806249999999999 0.5443796296296296
2 0.15928124999999999 0.33362037037037034 0.04608854166666666 0.10202777777777777
1 0.33614062499999997 0.16507407407407407 0.09768229166666667 0.3301574074074074
2 0.34289583333333334 0.019083333333333334 0.031130208333333336 0.037509259259259256