1 0.287109375 0.8767592592592592 0.17622395833333335 0.24648148148148147
2 0.2969322916666667 0.8256111111111111 0.05938020833333334 0.1448148148148148
1 0.42109895833333333 0.7441851851851852 0.15036458333333333 0.5116296296296295
1 0.47310416666666666 0.5576574074074074 0.12147395833333333 0.4246944444444445
2 0.43038020833333335 0.5441574074074075 0.04820833333333333 0.10717592592592592
1 0.9014114583333334 0.8441111111111111 0.16936979166666666 0.3117777777777778
2 0.901171875 0.7505648148148149 0.05655208333333333 0.12295370370370369
1 0.6171458333333334 0.8213518518518518 0.16180729166666669 0.357287037037037
2 0.6198020833333333 0.7088055555555556 0.05489583333333334 0.13116666666666665
1 0.7671458333333334 0.5738981481481481 0.12723958333333335 0.4822037037037037
2 0.768046875 0.38246296296296295 0.038593749999999996 0.09187962962962963
1 0.6446458333333334 0.40794444444444444 0.10390625 0.43489814814814814
2 0.6572135416666666 0.23351851851851851 0.037609374999999994 0.08151851851851852
2 0.6316041666666667 0.17085185185185187 0.033499999999999995 0.09575925925925927
2 0.4668541666666667 0.39443518518518517 0.04074479166666667 0.09398148148148149
2 0.7693437500000001 0.2877962962962963 0.04209375 0.09375925925925926
1 0.7200833333333333 0.17185185185185184 0.107 0.34371296296296294
2 0.7192239583333334 0.02783333333333333 0.034234375000000004 0.05567592592592593
1 0.5519479166666666 0.18457407407407408 0.10675 0.3691388888888889
2 0.5586458333333333 0.020481481481481482 0.033656250000000006 0.040962962962962965