1 0.9360625 0.7602037037037037 0.12788020833333333 0.4796018518518519
2 0.9541770833333333 0.8696944444444444 0.06356250000000001 0.1357685185185185
2 0.9569791666666667 0.5850462962962963 0.048921875000000004 0.11661111111111111
1 0.7626822916666666 0.7833518518518519 0.15872395833333333 0.43330555555555555
2 0.7602135416666667 0.6446851851851851 0.05015104166666667 0.14847222222222223
1 0.5728854166666667 0.8284907407407407 0.16715625 0.3430277777777778
1 0.5204739583333333 0.7358981481481481 0.16128645833333335 0.5282129629629629
2 0.5763802083333334 0.7266481481481482 0.05988541666666667 0.1324537037037037
1 0.479203125 0.42539814814814814 0.129203125 0.4522962962962963
1 0.5552499999999999 0.3476666666666667 0.10725520833333334 0.4558611111111111
2 0.5306458333333334 0.5400462962962963 0.05372916666666667 0.12943518518518518
1 0.36046354166666666 0.26631481481481484 0.11991666666666667 0.4594166666666667
2 0.3656041666666667 0.0835462962962963 0.040328125000000006 0.08787962962962963
2 0.48283333333333334 0.24426851851851852 0.039078125 0.08799074074074074
1 0.7709791666666667 0.37832407407407403 0.12584375 0.46123148148148146
2 0.7751302083333333 0.19202777777777777 0.036598958333333334 0.0863425925925926
2 0.549984375 0.1627777777777778 0.040359374999999996 0.08696296296296296
2 0.5068750000000001 0.0677962962962963 0.038 0.08722222222222223
1 0.7226979166666666 0.1684351851851852 0.09569270833333333 0.3368703703703704
2 0.7218020833333333 0.025953703703703705 0.03839583333333333 0.05190740740740741