2 0.3715677083333333 0.9145277777777778 0.04891145833333333 0.1147962962962963
1 0.6912552083333333 0.8139814814814815 0.16730729166666666 0.37203703703703705
2 0.6940572916666666 0.6885 0.048052083333333336 0.11628703703703704
1 0.8120677083333334 0.759074074074074 0.149890625 0.4818518518518518
2 0.8223333333333334 0.9358981481481481 0.04964583333333333 0.1282037037037037
2 0.8064427083333333 0.5689537037037037 0.04263541666666667 0.09781481481481481
1 0.4804479166666667 0.6450462962962963 0.13682291666666666 0.5377777777777777
1 0.5267708333333333 0.46730555555555553 0.12260937499999999 0.4343888888888889
2 0.48728645833333334 0.4234907407407407 0.04529166666666666 0.09075000000000001
2 0.5275989583333334 0.2907037037037037 0.039322916666666666 0.08263888888888889
1 0.24082291666666666 0.327462962962963 0.10717708333333334 0.41500925925925924
2 0.24125 0.16999074074074075 0.03393229166666667 0.09498148148148149
1 0.2865572916666667 0.2145648148148148 0.103140625 0.37289814814814815
2 0.285375 0.06683333333333334 0.03359895833333334 0.07646296296296295
1 0.37068229166666666 0.364 0.11588020833333333 0.40867592592592594
2 0.37670312499999997 0.2006388888888889 0.035645833333333335 0.08407407407407406
1 0.6982291666666666 0.37339814814814815 0.11350520833333334 0.43314814814814817
2 0.6997552083333333 0.19808333333333333 0.036812500000000005 0.08131481481481481
1 0.424640625 0.20881481481481481 0.09768229166666667 0.38736111111111116
2 0.4290572916666667 0.053361111111111116 0.030734374999999998 0.07425925925925926
2 0.567671875 0.21958333333333332 0.03766666666666666 0.10089814814814815
2 0.560921875 0.11413888888888889 0.034708333333333334 0.08347222222222223
1 0.6098802083333333 0.14216666666666666 0.09090625 0.2843333333333333