1 0.912578125 0.8746388888888889 0.17483854166666665 0.2507222222222222
2 0.911671875 0.8294074074074074 0.053057291666666666 0.15239814814814814
1 0.6104010416666666 0.7671388888888889 0.16602083333333334 0.46572222222222226
2 0.6188802083333333 0.5902129629629629 0.052473958333333334 0.10108333333333333
1 0.784921875 0.5822222222222222 0.141265625 0.5600555555555555
1 0.7478802083333334 0.37394444444444447 0.12446874999999999 0.41475
2 0.7858229166666667 0.35887037037037034 0.046421874999999994 0.10848148148148148
1 0.530578125 0.5706203703703704 0.13985416666666667 0.5059444444444444
1 0.5152187500000001 0.24547222222222223 0.12052083333333334 0.3830277777777778
2 0.5323697916666666 0.37242592592592594 0.048026041666666665 0.10765740740740741
2 0.7519270833333334 0.2149074074074074 0.0415 0.09012962962962963
1 0.84075 0.32249074074074074 0.10689062499999999 0.46199999999999997
2 0.838359375 0.13874999999999998 0.03870833333333333 0.08902777777777779
1 0.61590625 0.14024074074074075 0.11076041666666667 0.2804814814814815
1 0.6047656250000001 0.3859351851851852 0.12131770833333334 0.4220648148148148
2 0.6059375 0.22148148148148147 0.04261458333333333 0.09012962962962963
1 0.7897239583333333 0.13292592592592592 0.08961458333333333 0.26584259259259263
2 0.8038489583333334 0.04081481481481481 0.03625 0.08162962962962962
2 0.5188072916666667 0.10450925925925926 0.035703124999999995 0.10108333333333333
2 0.6189583333333334 0.016166666666666666 0.03259895833333334 0.03232407407407407
1 0.3254114583333333 0.2200740740740741 0.10413541666666666 0.40173148148148147
2 0.33173437499999997 0.06314814814814815 0.03488541666666667 0.0836574074074074