1 0.19036458333333334 0.4761666666666667 0.11826041666666667 0.4624537037037037
2 0.193984375 0.2975925925925926 0.038765625000000005 0.10523148148148148
1 0.32703645833333334 0.33010185185185187 0.11573958333333333 0.3073888888888889
2 0.32626562499999995 0.22406481481481483 0.040713541666666665 0.09100925925925926
1 0.44771354166666666 0.34503703703703703 0.11472395833333333 0.44094444444444447
2 0.44976041666666666 0.17105555555555557 0.038260416666666665 0.08462037037037037
1 0.4067864583333333 0.19628703703703704 0.08698958333333334 0.33955555555555555
2 0.412875 0.06333333333333334 0.03371875 0.07037962962962964
1 0.31163541666666666 0.6223425925925926 0.13944270833333333 0.5001851851851852
2 0.320828125 0.4228981481481482 0.043145833333333335 0.10135185185185185
1 0.48417187500000003 0.7775648148148148 0.15899999999999997 0.4448796296296297
2 0.49422916666666666 0.6185555555555555 0.051166666666666666 0.12284259259259259
2 0.6892708333333334 0.9158425925925926 0.054911458333333336 0.13625925925925925
1 0.8634375 0.8632129629629629 0.17534375000000002 0.27358333333333335
2 0.857671875 0.7828888888888889 0.05283333333333333 0.11527777777777778
1 0.5683281250000001 0.6941296296296297 0.137203125 0.5187592592592593
1 0.5634322916666666 0.3773333333333333 0.11528645833333333 0.33212037037037034
2 0.5630624999999999 0.4947407407407408 0.04609375 0.11975000000000001
1 0.7361458333333334 0.5201666666666667 0.12388541666666668 0.49026851851851855
1 0.7662604166666667 0.18864814814814815 0.105984375 0.37730555555555556
2 0.7359583333333333 0.326037037037037 0.04378645833333333 0.09532407407407407
1 0.6190989583333334 0.5810555555555555 0.10905729166666665 0.49906481481481485
2 0.608578125 0.3920092592592593 0.045098958333333335 0.12056481481481482
2 0.5689791666666667 0.2615555555555556 0.039260416666666666 0.09675925925925925
2 0.7655104166666666 0.03711111111111111 0.03373958333333334 0.07422222222222222
1 0.64921875 0.23646296296296296 0.09915625 0.3781666666666667
2 0.6499114583333333 0.08499074074074074 0.028083333333333335 0.07126851851851852
2 0.6476822916666667 0.02312962962962963 0.03254166666666666 0.04625925925925926