2 0.4637760416666667 0.9472592592592592 0.060796875 0.10548148148148148
1 0.3727395833333333 0.8311851851851851 0.166765625 0.33762037037037035
2 0.376 0.7255277777777778 0.052265624999999996 0.12108333333333335
1 0.104390625 0.8803518518518518 0.18040104166666668 0.23929629629629628
2 0.11857291666666667 0.8301944444444445 0.0615625 0.13899074074074075
1 0.8968489583333333 0.7764444444444444 0.16684895833333335 0.44712037037037033
2 0.9509114583333333 0.9415462962962963 0.06473958333333334 0.11691666666666667
1 0.892796875 0.5132222222222222 0.13713020833333334 0.35482407407407407
2 0.9100833333333332 0.6143703703703703 0.05495833333333333 0.12167592592592592
1 0.7248958333333333 0.8331111111111111 0.18384375 0.3337777777777778
1 0.7328645833333333 0.6059537037037036 0.14358854166666665 0.4096574074074074
2 0.7285520833333333 0.7248148148148148 0.05382291666666667 0.11389814814814815
2 0.8909270833333333 0.3888425925925926 0.044390625 0.09881481481481481
2 0.7283958333333334 0.46649999999999997 0.04467708333333333 0.12858333333333333
1 0.5517187499999999 0.7149722222222222 0.14653124999999997 0.5700648148148147
1 0.5562239583333334 0.4259444444444444 0.14229166666666665 0.3048240740740741
2 0.5571927083333333 0.49400925925925926 0.052848958333333335 0.11860185185185186
1 0.5220729166666667 0.2977962962962963 0.11577604166666666 0.40624074074074074
2 0.5638124999999999 0.331 0.045911458333333335 0.11092592592592593
1 0.7277552083333333 0.21039814814814814 0.11078125 0.38828703703703704
2 0.7282135416666667 0.05475 0.033651041666666666 0.0725925925925926
2 0.5230833333333333 0.1346388888888889 0.03328125 0.07674074074074073
2 0.5121770833333333 0.059870370370370365 0.03747916666666666 0.07078703703703704