1 0.5311041666666667 0.8034537037037037 0.16446354166666666 0.39310185185185187
1 0.5810572916666668 0.6507499999999999 0.1406875 0.5071666666666667
1 0.4987864583333333 0.4690740740740741 0.14027604166666666 0.4876111111111111
2 0.5347447916666667 0.6703148148148149 0.054265625 0.12498148148148147
1 0.739859375 0.6665092592592593 0.14877604166666666 0.58175
2 0.7474427083333333 0.42627777777777776 0.04784375 0.10297222222222221
2 0.5857395833333333 0.4527685185185185 0.04907291666666667 0.10762962962962963
1 0.8525885416666666 0.773 0.16618229166666668 0.45399074074074075
1 0.8627239583333334 0.46624074074074073 0.118765625 0.45187962962962963
2 0.8514114583333333 0.6067962962962963 0.05341666666666667 0.12330555555555554
1 0.8475416666666666 0.27664814814814814 0.122015625 0.30536111111111114
2 0.851578125 0.17090740740740742 0.04010416666666667 0.08475925925925927
2 0.8634947916666668 0.2918703703703704 0.04180729166666666 0.09888888888888889
1 0.28596875 0.41766666666666663 0.11946875 0.4570925925925926
2 0.29630729166666664 0.23429629629629628 0.03984895833333334 0.0913425925925926
1 0.5028020833333333 0.20360185185185184 0.11109375 0.22131481481481483
2 0.5043333333333334 0.2829907407407407 0.041093750000000005 0.11285185185185184
1 0.5130572916666667 0.09694444444444444 0.10115625 0.1938888888888889
2 0.5028697916666667 0.13731481481481483 0.03351041666666667 0.07980555555555556
2 0.518765625 0.032379629629629626 0.035578125 0.06475
1 0.6439583333333334 0.36641666666666667 0.12275 0.5048333333333334
1 0.6439583333333334 0.1270740740740741 0.105828125 0.19757407407407407
2 0.6458020833333333 0.1496574074074074 0.03663541666666667 0.06897222222222221
2 0.645109375 0.07189814814814816 0.03114583333333333 0.08862037037037036
1 0.725796875 0.17970370370370373 0.09865624999999999 0.35940740740740745