1 0.8736979166666666 0.8013888888888889 0.17462499999999997 0.39723148148148146
1 0.8676770833333334 0.49958333333333327 0.11977083333333334 0.44051851851851853
2 0.8735416666666667 0.6687685185185185 0.05619791666666667 0.13089814814814815
1 0.5415 0.837537037037037 0.17805208333333333 0.32492592592592595
1 0.5749479166666667 0.6951481481481482 0.14861979166666667 0.4587407407407407
2 0.5427864583333334 0.7429814814814815 0.05798958333333334 0.1310185185185185
1 0.7294739583333333 0.7119629629629629 0.16871354166666666 0.5760740740740741
2 0.745125 0.4772037037037037 0.050374999999999996 0.10790740740740741
2 0.5808541666666667 0.5250555555555555 0.051468749999999994 0.11369444444444445
1 0.27860416666666665 0.4584351851851852 0.12315104166666666 0.4799907407407407
2 0.28635937499999997 0.2722777777777778 0.041416666666666664 0.0975462962962963
1 0.4960104166666667 0.5191111111111111 0.14058333333333334 0.5061944444444445
1 0.5004270833333334 0.25284259259259256 0.11302083333333333 0.2438425925925926
2 0.499515625 0.3278240740740741 0.04336458333333334 0.11639814814814814
2 0.8662864583333333 0.33173148148148146 0.04367708333333333 0.10288888888888889
2 0.8605885416666667 0.20038888888888887 0.04133333333333333 0.08958333333333333
1 0.7424479166666667 0.20314814814814816 0.102625 0.3955925925925926
2 0.7398906249999999 0.033666666666666664 0.03168229166666667 0.06733333333333333
1 0.64946875 0.40658333333333335 0.13070833333333334 0.5170648148148148
1 0.651875 0.15458333333333332 0.10983854166666666 0.18810185185185185
2 0.6518229166666667 0.1899537037037037 0.037859375 0.07980555555555556
2 0.6541822916666666 0.10575 0.03314583333333333 0.09441666666666666
1 0.51915625 0.13174074074074074 0.107671875 0.21473148148148147
2 0.501375 0.17413888888888887 0.03321875 0.08171296296296296
2 0.5250989583333333 0.06906481481481481 0.035875 0.08391666666666667