2 0.9455104166666667 0.8395833333333333 0.05997916666666667 0.15974074074074074
1 0.8621875 0.77475 0.155890625 0.4505
2 0.8605104166666667 0.6076666666666667 0.051828125 0.115
1 0.5942135416666667 0.7018055555555556 0.14861979166666667 0.41497222222222224
2 0.5974739583333334 0.8276574074074075 0.05882291666666666 0.13275
2 0.5286354166666667 0.9533611111111112 0.06892708333333333 0.09327777777777778
1 0.33917708333333335 0.7621574074074075 0.153890625 0.4756851851851852
2 0.3444479166666667 0.5945833333333334 0.05240104166666667 0.12949074074074074
1 0.45614062499999997 0.6187962962962963 0.13575520833333332 0.5381481481481482
1 0.45222395833333334 0.3563703703703704 0.12889583333333332 0.24036111111111108
2 0.462328125 0.4045092592592593 0.045385416666666664 0.10276851851851851
2 0.45616666666666666 0.2830740740740741 0.04010416666666667 0.0913425925925926
1 0.7296041666666666 0.46962037037037035 0.12402604166666667 0.4604907407407407
2 0.7299947916666666 0.2836666666666667 0.03691666666666667 0.08625925925925926
1 0.7888177083333333 0.3792314814814815 0.10117708333333333 0.4447962962962963
2 0.769015625 0.20779629629629628 0.04125520833333333 0.09715740740740741
1 0.6502760416666666 0.32693518518518516 0.10021354166666667 0.40314814814814814
2 0.6583854166666666 0.16475 0.03597395833333333 0.08153703703703703
1 0.6005572916666666 0.24650000000000002 0.08577604166666666 0.37877777777777777
2 0.6103385416666666 0.10726851851851851 0.031484375 0.09355555555555556
2 0.5953802083333334 0.5584629629629629 0.051359375 0.11721296296296296
1 0.5471510416666666 0.13337037037037036 0.10036458333333333 0.26673148148148146