2 0.53303125 0.9035740740740741 0.053828125 0.13012037037037036
1 0.9375520833333333 0.8372777777777778 0.12489583333333334 0.3254444444444445
2 0.9609270833333333 0.7328055555555555 0.04520833333333333 0.11189814814814815
1 0.707953125 0.7510185185185185 0.1471197916666667 0.49797222222222215
2 0.720828125 0.554324074074074 0.04675 0.10352777777777777
1 0.7835989583333334 0.6241018518518519 0.12905208333333335 0.4978518518518518
1 0.7376874999999999 0.32819444444444446 0.12095833333333333 0.39993518518518517
2 0.767625 0.43765740740740744 0.040281250000000005 0.11978703703703704
1 0.34019791666666666 0.39208333333333334 0.12136458333333335 0.48373148148148143
2 0.340484375 0.19533333333333333 0.040578125 0.08917592592592592
1 0.5723645833333334 0.4610370370370371 0.13282291666666668 0.5066203703703703
2 0.5800520833333334 0.2534259259259259 0.042703124999999995 0.08754629629629629
2 0.7392760416666667 0.17837962962962964 0.037890625 0.09398148148148149
2 0.5847708333333334 0.16585185185185186 0.03880729166666667 0.09155555555555556
2 0.58784375 0.07862962962962963 0.037135416666666664 0.08271296296296296
2 0.7397291666666667 0.06415740740740741 0.036375000000000005 0.07583333333333334
2 0.7716614583333333 0.01930555555555556 0.03195833333333333 0.03860185185185185