2 0.20520833333333333 0.9495185185185185 0.05942708333333333 0.10096296296296296
2 0.5249635416666666 0.9280740740740742 0.06528125 0.14385185185185187
1 0.3500260416666666 0.7336759259259259 0.15063020833333332 0.5326481481481481
2 0.34936979166666665 0.5329351851851852 0.050145833333333334 0.12464814814814815
1 0.8738333333333334 0.8479537037037037 0.17313020833333334 0.30408333333333337
2 0.8767812500000001 0.7679074074074075 0.0570625 0.14431481481481484
2 0.8478072916666667 0.5699166666666666 0.04878125 0.11326851851851852
1 0.61034375 0.8592314814814815 0.14179166666666668 0.28153703703703703
1 0.5854947916666667 0.6603148148148148 0.14284375 0.4069722222222222
2 0.59584375 0.7833611111111111 0.05805208333333333 0.12812962962962962
1 0.4636875 0.5801759259259259 0.132671875 0.5293796296296297
1 0.44785416666666666 0.33990740740740744 0.12662500000000002 0.2576574074074074
2 0.46856770833333333 0.36603703703703705 0.043541666666666666 0.09399074074074075
2 0.452015625 0.2534259259259259 0.03526041666666667 0.08361111111111111
1 0.7833645833333333 0.35959259259259263 0.094421875 0.4343333333333333
2 0.7733020833333334 0.1874351851851852 0.04048958333333333 0.087
1 0.7173489583333333 0.43387037037037035 0.119640625 0.4453796296296296
2 0.7207395833333333 0.25330555555555556 0.037994791666666666 0.08042592592592593
1 0.5977135416666666 0.22444444444444445 0.09303125 0.3737962962962963
2 0.6049479166666667 0.0873425925925926 0.0315625 0.09576851851851853
1 0.6502031250000001 0.30230555555555555 0.0998125 0.40626851851851853
2 0.6615520833333334 0.14216666666666666 0.032192708333333334 0.08182407407407408
2 0.5891979166666667 0.5146296296296295 0.051541666666666666 0.1160462962962963