1 0.12313020833333334 0.8370925925925925 0.17391145833333335 0.32580555555555557
2 0.136546875 0.7420740740740741 0.057416666666666664 0.1316203703703704
2 0.46178125 0.8738333333333334 0.05746875 0.1671851851851852
1 0.8878958333333333 0.7446481481481482 0.16233854166666667 0.5107037037037037
2 0.92953125 0.8637777777777778 0.061468749999999996 0.14492592592592593
1 0.8774739583333333 0.4855185185185185 0.13094270833333332 0.39752777777777776
2 0.901828125 0.5486388888888889 0.05197916666666667 0.11624074074074074
1 0.7075885416666666 0.7948333333333333 0.17581770833333332 0.41032407407407406
1 0.72603125 0.5548055555555556 0.13915625 0.40387962962962964
2 0.7129583333333334 0.6413888888888889 0.05157291666666666 0.09943518518518518
2 0.8765572916666666 0.33375925925925926 0.04136458333333334 0.09109259259259259
2 0.7185729166666667 0.4175277777777778 0.04283854166666667 0.1255462962962963
1 0.38294791666666667 0.7956018518518518 0.1615625 0.40879629629629627
2 0.38658333333333333 0.6503055555555556 0.04964583333333333 0.11488888888888889
1 0.5479114583333333 0.6480462962962963 0.141140625 0.5509722222222222
1 0.5576614583333334 0.3695555555555556 0.136265625 0.28617592592592594
2 0.55421875 0.43065740740740743 0.049484375000000004 0.11
1 0.5276770833333333 0.24278703703703702 0.10646874999999999 0.3453148148148148
2 0.562734375 0.27691666666666664 0.04454166666666667 0.10097222222222221
1 0.5012760416666667 0.17688888888888887 0.10727083333333334 0.353787037037037
2 0.5020260416666666 0.038175925925925926 0.03299479166666667 0.07039814814814815
2 0.5271302083333333 0.10783333333333332 0.036625 0.07376851851851852
1 0.7137864583333333 0.1793796296296296 0.10636458333333333 0.3574537037037037
2 0.7124739583333334 0.027407407407407408 0.03406770833333333 0.054814814814814816