1 0.09141666666666667 0.6005370370370371 0.164578125 0.5670925925925926
2 0.08625 0.3741759259259259 0.048093750000000005 0.10497222222222223
1 0.8887552083333333 0.8180000000000001 0.15828645833333335 0.364
2 0.8691093750000001 0.7088333333333333 0.04951041666666667 0.14233333333333334
2 0.8119479166666667 0.8456111111111111 0.05625 0.12553703703703706
1 0.765109375 0.5017592592592592 0.13802083333333334 0.5181388888888889
2 0.7655208333333333 0.29648148148148146 0.04409375 0.1050462962962963
1 0.5997968749999999 0.7119629629629629 0.155890625 0.5760833333333333
1 0.603140625 0.33062037037037034 0.114859375 0.39437962962962964
2 0.6085312500000001 0.47468518518518515 0.04813541666666667 0.09251851851851851
1 0.7665520833333334 0.1079537037037037 0.08451562500000001 0.2159074074074074
2 0.7498281250000001 0.16980555555555554 0.039614583333333335 0.0856851851851852
1 0.8256614583333334 0.27727777777777773 0.10007291666666666 0.44962962962962966
2 0.822359375 0.09863888888888889 0.03671354166666666 0.08682407407407407
1 0.5415 0.48503703703703704 0.13328645833333333 0.47441666666666665
1 0.5162864583333333 0.19400925925925927 0.11321874999999999 0.3653611111111111
2 0.5456875 0.30203703703703705 0.044468749999999994 0.10589814814814816
1 0.6042239583333333 0.11116666666666666 0.10545833333333333 0.2223425925925926
2 0.6044479166666666 0.17677777777777776 0.04093229166666667 0.08767592592592592
2 0.518875 0.06035185185185186 0.03406770833333333 0.09736111111111112
1 0.33379166666666665 0.1826574074074074 0.10291145833333333 0.3653148148148148
2 0.3401666666666667 0.034212962962962966 0.033765625 0.06843518518518518