1 0.36307812500000003 0.30550925925925926 0.12142708333333332 0.4611944444444444
2 0.367421875 0.11987037037037038 0.04234895833333333 0.08921296296296295
1 0.77534375 0.8165 0.16520833333333332 0.367
2 0.7743489583333333 0.7085925925925926 0.0533125 0.15279629629629632
1 0.5852291666666667 0.8793981481481481 0.17534375000000002 0.24121296296296296
2 0.5881354166666667 0.8319537037037037 0.06261458333333333 0.14135185185185184
1 0.9533177083333333 0.7977037037037037 0.09336979166666667 0.40459259259259256
2 0.980171875 0.6636203703703704 0.039651041666666664 0.1366203703703704
1 0.50084375 0.7767407407407407 0.169234375 0.44651851851851854
2 0.5085416666666667 0.6200925925925926 0.05911458333333333 0.13425925925925927
1 0.4463958333333334 0.4776296296296297 0.13903645833333333 0.4884814814814814
2 0.4528020833333333 0.27870370370370373 0.04191666666666667 0.09008333333333333
1 0.7888385416666667 0.4238240740740741 0.126953125 0.46735185185185185
2 0.7933489583333333 0.23725000000000002 0.04078645833333334 0.09156481481481482
1 0.563109375 0.3827962962962963 0.12065104166666667 0.4700648148148148
2 0.5639427083333334 0.19518518518518518 0.041765625 0.09425
1 0.5004322916666667 0.21281481481481482 0.08830208333333332 0.33682407407407405
2 0.508328125 0.09358333333333332 0.0376875 0.09839814814814815
1 0.7394583333333333 0.19905555555555554 0.09767708333333333 0.3711666666666667
2 0.7398541666666667 0.05513888888888888 0.04094791666666667 0.0817962962962963
2 0.9736458333333334 0.9473518518518519 0.052703124999999997 0.10530555555555556