2 0.9611354166666667 0.8801666666666667 0.06130208333333333 0.14707407407407408
1 0.728515625 0.7904166666666667 0.20054166666666667 0.4191574074074074
2 0.7487291666666667 0.6405277777777778 0.055630208333333334 0.11812962962962963
1 0.5727864583333333 0.8312222222222222 0.16766666666666669 0.33755555555555555
2 0.5750104166666666 0.7296944444444445 0.05741145833333334 0.13183333333333333
1 0.53315625 0.32999999999999996 0.11335416666666666 0.4383888888888889
1 0.5079270833333334 0.12827777777777777 0.11084374999999999 0.22719444444444445
2 0.5364687499999999 0.15614814814814815 0.04048958333333333 0.08847222222222222
2 0.5088072916666666 0.058805555555555555 0.036723958333333334 0.08728703703703704
1 0.7923802083333332 0.29030555555555554 0.10944270833333333 0.43837037037037035
2 0.7912916666666666 0.10956481481481481 0.03458854166666667 0.07753703703703703
1 0.674265625 0.27111111111111114 0.11686458333333333 0.2908981481481482
2 0.6700364583333334 0.17978703703703702 0.034567708333333336 0.10453703703703704
1 0.6567291666666667 0.5429537037037037 0.141265625 0.5700925925925926
2 0.6614583333333334 0.30110185185185184 0.039749999999999994 0.08168518518518518
1 0.47232291666666665 0.3749537037037037 0.127703125 0.2666759259259259
2 0.4740989583333333 0.2856944444444445 0.03930729166666667 0.08828703703703702
1 0.47823437500000004 0.6817314814814814 0.15734375 0.5643611111111111
2 0.48257291666666663 0.46585185185185185 0.04872395833333333 0.1299351851851852
1 0.23527604166666669 0.6035370370370371 0.13297395833333334 0.5239166666666667
2 0.24493229166666666 0.3957777777777778 0.045671875 0.10762037037037038
1 0.8718854166666666 0.7010648148148148 0.13361458333333334 0.5885277777777778
1 0.869125 0.38578703703703704 0.13336458333333334 0.3204074074074074