1 0.234640625 0.3843981481481481 0.12086979166666666 0.43171296296296297
2 0.23484375 0.22083333333333333 0.03613541666666666 0.09976851851851852
1 0.8344635416666667 0.7983981481481481 0.16166666666666665 0.403212962962963
2 0.8302447916666666 0.6517499999999999 0.04531770833333334 0.10463888888888889
1 0.6933385416666666 0.8562685185185185 0.17368750000000002 0.28747222222222224
2 0.6994427083333333 0.7779074074074074 0.05157291666666666 0.1277962962962963
1 0.70603125 0.43622222222222223 0.11573958333333333 0.4612685185185185
1 0.7455572916666667 0.1465 0.09244791666666667 0.293
2 0.7072916666666667 0.25149074074074074 0.04215625 0.08985185185185186
1 0.4810833333333333 0.7231666666666666 0.14240104166666667 0.553675925925926
2 0.490265625 0.5051203703703704 0.051328124999999995 0.11123148148148147
1 0.35330208333333335 0.45092592592592595 0.11331770833333334 0.44580555555555557
2 0.35517187499999997 0.27828703703703705 0.04105208333333333 0.09582407407407408
1 0.30227604166666666 0.2715648148148148 0.1083125 0.3813888888888889
2 0.30290625000000004 0.12965740740740742 0.03571354166666666 0.08881481481481482
1 0.55009375 0.5653148148148148 0.12157291666666666 0.4926203703703703
2 0.5780260416666666 0.28564814814814815 0.040130208333333334 0.10891666666666666
1 0.43584375000000003 0.26480555555555557 0.10524479166666666 0.4118425925925926
2 0.43942708333333336 0.09781481481481481 0.03453645833333333 0.0748148148148148
2 0.5707656249999999 0.17226851851851852 0.03608854166666667 0.0870925925925926
1 0.624953125 0.17294444444444446 0.09338020833333333 0.3458981481481481
2 0.6272083333333334 0.029740740740740738 0.025833333333333333 0.059481481481481475
2 0.5442812499999999 0.37224999999999997 0.04221875 0.10622222222222222
1 0.393140625 0.15014814814814814 0.07883333333333334 0.29416666666666663