1 0.30928645833333335 0.8324351851851851 0.16749479166666664 0.3351203703703704
2 0.31673958333333335 0.7374907407407407 0.055046875 0.14008333333333334
1 0.432453125 0.7177777777777778 0.14990104166666668 0.5644444444444444
1 0.45798958333333334 0.43166666666666664 0.13603125 0.2561574074074074
2 0.4419895833333333 0.49150000000000005 0.0486875 0.10785185185185185
1 0.6091458333333333 0.7950277777777778 0.15565104166666668 0.4099351851851852
2 0.601546875 0.9236481481481481 0.06169270833333333 0.1527037037037037
1 0.887046875 0.8186111111111112 0.1625572916666667 0.36276851851851855
2 0.8865729166666667 0.7001481481481481 0.054703125 0.12480555555555554
2 0.61034375 0.6524351851851852 0.052895833333333336 0.1263425925925926
2 0.46386979166666664 0.3497222222222222 0.03791666666666667 0.09015740740740741
1 0.75015625 0.5366574074074074 0.12754166666666666 0.47867592592592595
2 0.7542864583333333 0.3446388888888889 0.039942708333333334 0.0925
2 0.76759375 0.2587962962962963 0.04192708333333333 0.0959537037037037
1 0.6445989583333334 0.3745648148148148 0.09847395833333333 0.42447222222222225
2 0.6550989583333333 0.206 0.04036979166666667 0.08418518518518518
1 0.6083333333333333 0.26822222222222225 0.0785 0.3414629629629629
2 0.6224375 0.1477314814814815 0.03310416666666667 0.09900925925925927
1 0.71653125 0.15412037037037035 0.10329166666666666 0.3082314814814815
1 0.5534479166666666 0.16836111111111113 0.10463541666666668 0.33671296296296294