1 0.22213020833333333 0.4154074074074074 0.11305208333333333 0.4397685185185185
2 0.22541145833333334 0.24830555555555556 0.03640625 0.1002037037037037
1 0.31122395833333333 0.2866388888888889 0.10852604166666667 0.3383148148148148
2 0.31080729166666665 0.1653240740740741 0.03677083333333333 0.09168518518518518
1 0.33803645833333335 0.5076944444444444 0.12893229166666667 0.45813888888888893
2 0.34445833333333337 0.3260092592592592 0.03814583333333333 0.09403703703703704
1 0.4414166666666667 0.2934259259259259 0.10863541666666668 0.4213796296296296
2 0.443171875 0.12481481481481482 0.03415625 0.07903703703703703
1 0.6938177083333333 0.8797314814814815 0.17713541666666668 0.2405462962962963
2 0.6975833333333333 0.8238333333333333 0.055463541666666664 0.12580555555555556
1 0.4845520833333333 0.7441851851851852 0.15038541666666666 0.5116296296296295
2 0.49084374999999997 0.5488518518518518 0.049703125 0.11410185185185186
1 0.8439479166666667 0.8223425925925926 0.16352604166666668 0.3553148148148148
2 0.8395677083333334 0.698212962962963 0.045359375 0.10534259259259258
1 0.5560677083333334 0.5947962962962963 0.12423958333333333 0.4819537037037037
2 0.5516510416666667 0.4130185185185185 0.044182291666666665 0.10919444444444446
1 0.7141302083333334 0.4653888888888889 0.1198125 0.4685092592592593
1 0.7540625 0.16350925925925927 0.10395833333333333 0.3198425925925926
2 0.7150260416666666 0.2772962962962963 0.04051041666666667 0.08673148148148148
1 0.5667395833333334 0.26561111111111113 0.11178125 0.2117037037037037
2 0.5854374999999999 0.3215925925925926 0.040739583333333336 0.11220370370370371
2 0.5705156250000001 0.206 0.038515625000000005 0.09144444444444445
1 0.6317604166666667 0.1932037037037037 0.0953125 0.35945370370370366
2 0.6327239583333333 0.048240740740740744 0.028786458333333334 0.06699074074074074
1 0.4003697916666667 0.17533333333333334 0.08219270833333334 0.35065740740740736
2 0.40409375000000003 0.027324074074074077 0.029151041666666665 0.050694444444444445