1 0.9178072916666667 0.8641666666666666 0.16438541666666667 0.2716574074074074
2 0.9269010416666668 0.8026388888888889 0.06008854166666667 0.1465
1 0.5705677083333334 0.7979166666666667 0.16636458333333334 0.4041666666666667
2 0.5653020833333334 0.9131203703703703 0.06163541666666667 0.1463611111111111
1 0.7229322916666666 0.7600648148148148 0.1929375 0.47987037037037034
2 0.7442864583333333 0.5797314814814815 0.054015625 0.11401851851851852
2 0.575109375 0.6579074074074074 0.055390625 0.12312037037037037
1 0.250953125 0.5516851851851853 0.132703125 0.51525
2 0.2603229166666667 0.352925925925926 0.043958333333333335 0.10283333333333333
1 0.4842552083333333 0.6216481481481482 0.15104166666666666 0.538074074074074
1 0.48555729166666667 0.33223148148148146 0.12151041666666668 0.2665370370370371
2 0.48874999999999996 0.4171944444444444 0.0471875 0.12551851851851853
1 0.8699635416666667 0.6322500000000001 0.12811458333333334 0.551074074074074
1 0.8655260416666667 0.351962962962963 0.13231770833333334 0.30600925925925926
2 0.8707604166666666 0.41508333333333336 0.04696354166666667 0.11118518518518518
2 0.874140625 0.24731481481481485 0.042140625 0.09683333333333333
1 0.7745625 0.25653703703703706 0.111046875 0.4306666666666667
2 0.7731822916666666 0.084 0.035557291666666664 0.08178703703703703
1 0.6687708333333333 0.23553703703703704 0.11243229166666667 0.2691111111111111
2 0.666140625 0.1534259259259259 0.03534895833333333 0.10260185185185186
1 0.6532812499999999 0.49027777777777776 0.13780208333333333 0.5485555555555556
2 0.65846875 0.26229629629629625 0.040078125 0.08562962962962964
1 0.4873125 0.14239814814814813 0.08764583333333334 0.284787037037037
2 0.4862447916666667 0.24212037037037037 0.037953125000000004 0.08021296296296296
1 0.5346041666666667 0.2867777777777778 0.09816666666666667 0.41144444444444445
2 0.5339270833333334 0.12413888888888888 0.038984374999999995 0.08443518518518518
2 0.4952916666666667 0.03808333333333334 0.03566145833333333 0.07525