1 0.523140625 0.880638888888889 0.18108333333333335 0.23872222222222222
2 0.5303229166666666 0.822925925925926 0.051890624999999996 0.1231388888888889
1 0.9247760416666666 0.8157407407407408 0.150453125 0.3685185185185185
2 0.9307864583333333 0.6878055555555556 0.04653125 0.11014814814814815
1 0.6977604166666667 0.7281296296296296 0.139765625 0.540462962962963
1 0.7533437500000001 0.5587314814814814 0.14416145833333335 0.4431111111111111
2 0.7083437499999999 0.5138425925925927 0.04558333333333333 0.10444444444444444
1 0.7362135416666666 0.28500925925925924 0.11778645833333333 0.3432777777777778
2 0.7494427083333334 0.39532407407407405 0.038760416666666665 0.11762962962962964
1 0.5669270833333333 0.42644444444444446 0.12734895833333332 0.4951481481481481
2 0.5739166666666667 0.2181574074074074 0.040203125 0.07557407407407409
1 0.36258854166666665 0.35359259259259257 0.11727604166666666 0.4646018518518518
2 0.3642083333333333 0.16539814814814816 0.039453125 0.08983333333333333
2 0.7374166666666666 0.16094444444444445 0.038760416666666665 0.09588888888888888
2 0.5902552083333333 0.14080555555555554 0.037994791666666666 0.08769444444444444
2 0.5831406250000001 0.06202777777777777 0.03458854166666667 0.0884074074074074
2 0.7331041666666667 0.04474074074074074 0.03615625 0.07735185185185185