2 0.32638541666666665 0.9304351851851852 0.06308854166666666 0.1391388888888889
1 0.5093541666666667 0.8208981481481482 0.17326041666666667 0.35821296296296296
2 0.5181302083333333 0.7002777777777778 0.04815625 0.11289814814814815
2 0.9167343750000001 0.5143240740740741 0.049130208333333335 0.10964814814814815
1 0.8817760416666667 0.7767962962962963 0.15506770833333333 0.4464074074074074
2 0.8826458333333334 0.6061481481481481 0.042453125 0.1022037037037037
1 0.6787395833333334 0.6287592592592592 0.1269375 0.5105000000000001
1 0.7329010416666667 0.2768333333333334 0.114390625 0.3968518518518519
2 0.6916197916666668 0.42725 0.043354166666666666 0.09911111111111112
2 0.7168333333333333 0.3272962962962963 0.038203125 0.1105462962962963
1 0.5568958333333334 0.3597314814814815 0.12159895833333333 0.46578703703703705
2 0.5605364583333333 0.1686203703703704 0.04230208333333333 0.08501851851851851
1 0.39365625000000004 0.2874351851851852 0.11178125 0.43621296296296297
2 0.39377604166666663 0.10889814814814815 0.03686979166666667 0.08146296296296297
2 0.6013072916666666 0.1005925925925926 0.035250000000000004 0.0874074074074074
2 0.7330416666666667 0.1262037037037037 0.037369791666666666 0.0913888888888889
2 0.5758229166666666 0.030740740740740742 0.034479166666666665 0.061490740740740735
2 0.7189427083333333 0.020314814814814817 0.036598958333333334 0.04063888888888889