1 0.9023020833333334 0.8429537037037037 0.18718749999999998 0.31410185185185185
2 0.8355052083333334 0.9189537037037038 0.05772395833333333 0.1282222222222222
2 0.8915260416666667 0.7621111111111112 0.04996875 0.14706481481481481
1 0.7746927083333334 0.5432314814814815 0.137828125 0.5413518518518519
1 0.745703125 0.3673240740740741 0.11906770833333334 0.43812962962962965
2 0.7741822916666667 0.3269074074074074 0.045109375 0.10902777777777778
1 0.6051666666666667 0.7365555555555555 0.16544270833333333 0.5268888888888889
1 0.604796875 0.36012037037037037 0.11520833333333333 0.4146203703703704
2 0.6132916666666667 0.52925 0.050671875000000005 0.10066666666666667
1 0.5354114583333334 0.5288148148148148 0.13672395833333334 0.49434259259259256
1 0.5170781249999999 0.21947222222222224 0.11369791666666668 0.3697962962962963
2 0.5379739583333334 0.33617592592592593 0.044411458333333334 0.10648148148148148
1 0.6108750000000001 0.1244537037037037 0.10731770833333334 0.2489074074074074
2 0.6068802083333333 0.19714814814814813 0.042562499999999996 0.0850925925925926
1 0.7799166666666667 0.12255555555555557 0.08688541666666666 0.24511111111111114
2 0.7516302083333334 0.1941203703703704 0.04174479166666667 0.08741666666666667
1 0.3292760416666667 0.19996296296296298 0.10130208333333333 0.3974537037037037
2 0.33675 0.042499999999999996 0.03448958333333333 0.08025
2 0.5206354166666667 0.08449074074074074 0.03417708333333334 0.10008333333333333
1 0.8337395833333333 0.2998518518518518 0.10074999999999999 0.4517314814814815
2 0.83090625 0.12012962962962964 0.037703125 0.086
2 0.79296875 0.028351851851851854 0.036203125 0.05670370370370371
1 0.04903125 0.6432037037037037 0.09805729166666667 0.5494166666666667