1 0.7195520833333333 0.7342962962962962 0.18853645833333335 0.5314166666666666
2 0.7438072916666666 0.5277407407407407 0.05280208333333333 0.11105555555555556
1 0.8997395833333334 0.8322407407407408 0.181609375 0.33552777777777776
1 0.8687083333333334 0.5665925925925925 0.12400000000000001 0.48886111111111114
2 0.8973697916666666 0.7379444444444445 0.05709895833333333 0.14247222222222222
1 0.5521666666666667 0.8836851851851851 0.18099479166666665 0.23262962962962963
1 0.5735208333333334 0.7451481481481481 0.15728645833333335 0.42962962962962964
2 0.5531874999999999 0.8353703703703704 0.05940625 0.1376574074074074
2 0.576921875 0.5916759259259259 0.052390625 0.11853703703703705
1 0.26303125 0.5084444444444445 0.13030208333333335 0.49129629629629634
2 0.2739010416666667 0.31707407407407406 0.04174479166666667 0.09911111111111112
1 0.8614479166666666 0.3239814814814815 0.12884895833333332 0.29253703703703704
2 0.8686041666666667 0.37612962962962965 0.044671875 0.10640740740740741
2 0.8686875000000001 0.22660185185185183 0.042 0.09108333333333334
1 0.4913645833333333 0.572037037037037 0.14397395833333335 0.5274629629629629
1 0.525390625 0.2433148148148148 0.10772916666666667 0.37700925925925927
1 0.4939739583333333 0.2956388888888889 0.11834895833333332 0.2563425925925926
2 0.4947552083333333 0.37060185185185185 0.04533854166666666 0.12027777777777779
1 0.6533229166666668 0.4540185185185185 0.13175520833333335 0.54075
1 0.6599739583333334 0.20567592592592593 0.110453125 0.25051851851851853
2 0.6554479166666667 0.2251388888888889 0.039635416666666666 0.08178703703703703
2 0.661125 0.13314814814814815 0.033213541666666666 0.10030555555555555
1 0.4765989583333334 0.1430462962962963 0.08647395833333334 0.2860925925925926
2 0.49589062500000003 0.21094444444444443 0.03524479166666667 0.08382407407407408
1 0.7600416666666666 0.22637037037037036 0.10478125 0.4218240740740741
2 0.7565260416666667 0.058722222222222224 0.03370833333333333 0.07644444444444444
2 0.5309322916666667 0.09664814814814815 0.03744791666666667 0.08053703703703705
2 0.48177604166666665 0.0255 0.034145833333333334 0.051