1 0.7608958333333333 0.8254351851851852 0.15025000000000002 0.34912037037037036
2 0.7696927083333333 0.7115092592592592 0.053989583333333334 0.11691666666666667
1 0.8421302083333334 0.7586296296296297 0.147171875 0.48274074074074075
2 0.8244270833333334 0.5863888888888888 0.045557291666666666 0.13616666666666666
1 0.21961458333333334 0.5063425925925926 0.14088541666666668 0.5228055555555555
2 0.21866666666666665 0.2926574074074074 0.044265624999999996 0.09733333333333334
1 0.5884375 0.6130833333333333 0.14546354166666667 0.5671481481481482
1 0.601640625 0.26358333333333334 0.109546875 0.34850925925925924
1 0.554421875 0.39640740740740743 0.12547916666666667 0.40443518518518523
2 0.5972291666666667 0.3727314814814815 0.04548958333333333 0.08360185185185186
1 0.753046875 0.4298425925925926 0.13264583333333332 0.48144444444444445
1 0.7436510416666666 0.19587962962962965 0.11575520833333333 0.2300185185185185
2 0.750296875 0.24297222222222226 0.040067708333333334 0.10101851851851851
1 0.5138645833333333 0.17872222222222223 0.10905729166666665 0.35743518518518513
2 0.5609270833333333 0.24275000000000002 0.03974479166666667 0.09797222222222222
2 0.514703125 0.029935185185185183 0.033265625 0.059870370370370365
2 0.5992864583333334 0.1316111111111111 0.039088541666666664 0.08176851851851852
2 0.7472864583333333 0.12496296296296297 0.037171875 0.0827037037037037
1 0.8066875 0.22975925925925925 0.09197916666666667 0.42462037037037037
2 0.8017395833333333 0.057972222222222224 0.03544791666666667 0.08073148148148147
1 0.3387864583333334 0.15507407407407406 0.097609375 0.30739814814814814