1 0.06777083333333334 0.5997685185185185 0.135546875 0.5105833333333333
2 0.05305208333333333 0.40842592592592597 0.04666666666666666 0.1199814814814815
1 0.2510833333333333 0.8076574074074074 0.1693802083333333 0.38469444444444445
2 0.26352604166666665 0.6810092592592593 0.05241666666666667 0.13033333333333333
1 0.354765625 0.5528703703703703 0.1345625 0.5001296296296296
2 0.3560052083333333 0.35816666666666663 0.04561458333333333 0.10703703703703703
2 0.8988333333333334 0.9556018518518518 0.05474479166666667 0.08878703703703704
1 0.49882291666666667 0.8470092592592593 0.17528125 0.3059907407407408
2 0.5064114583333333 0.7538796296296297 0.059421875 0.11412037037037037
1 0.7169427083333333 0.7532592592592593 0.15578645833333335 0.4934907407407408
2 0.7148229166666666 0.5736574074074073 0.05171875 0.1336574074074074
1 0.8048645833333333 0.6654351851851852 0.12878645833333333 0.5558055555555556
1 0.7737395833333333 0.2734814814814815 0.111234375 0.4190555555555555
2 0.7993125 0.4420925925925926 0.04675520833333333 0.10505555555555555
1 0.5697604166666667 0.5205092592592593 0.131421875 0.39891666666666664
1 0.5941458333333334 0.7939351851851852 0.13974999999999999 0.41212037037037036
2 0.586015625 0.6463981481481481 0.055010416666666666 0.11928703703703705
2 0.57284375 0.3801574074074074 0.04634895833333333 0.11091666666666668
1 0.46343229166666666 0.45475 0.12046354166666666 0.4838981481481482
1 0.4359322916666667 0.26621296296296293 0.10986979166666666 0.3014074074074074
2 0.46596354166666665 0.26022222222222224 0.03895833333333333 0.08854629629629629
1 0.6900052083333333 0.3219074074074074 0.10741666666666667 0.39412962962962966
2 0.6883802083333334 0.16596296296296298 0.03272916666666667 0.08084259259259259
2 0.7763697916666668 0.11025925925925925 0.03919791666666667 0.08736111111111111
2 0.4358333333333333 0.15416666666666667 0.03471875 0.07821296296296296
1 0.6493697916666666 0.20589814814814816 0.08177604166666666 0.34602777777777777
2 0.6594479166666667 0.07093518518518518 0.03530729166666667 0.07423148148148148
1 0.5895052083333333 0.1600462962962963 0.10620833333333332 0.3200925925925926
2 0.5884114583333333 0.026157407407407407 0.03179166666666667 0.052314814814814814