1 0.5771927083333334 0.8738518518518519 0.178546875 0.2522962962962963
2 0.5794895833333332 0.8167962962962962 0.06150520833333333 0.13348148148148148
1 0.7531354166666666 0.8178703703703704 0.17004687500000001 0.3642592592592592
2 0.7571822916666666 0.6970462962962962 0.05688020833333333 0.12226851851851853
1 0.218734375 0.6526203703703705 0.13847916666666665 0.5410092592592592
2 0.23046875 0.43610185185185185 0.04758333333333333 0.10951851851851852
1 0.47188541666666667 0.7245 0.16388020833333333 0.551
1 0.4598541666666666 0.41968518518518516 0.13141145833333334 0.2702685185185185
2 0.478625 0.5175925925925926 0.05015625 0.13537962962962963
1 0.876265625 0.7222037037037037 0.1384635416666667 0.5555925925925925
1 0.8723437500000001 0.4251759259259259 0.13825520833333332 0.3414814814814815
2 0.8796041666666666 0.5072592592592593 0.04847916666666666 0.12085185185185186
2 0.8820416666666666 0.3035740740740741 0.04413020833333334 0.0966388888888889
2 0.46316666666666667 0.3278333333333333 0.040140625 0.08675925925925926
1 0.6619583333333333 0.6029537037037037 0.14499479166666665 0.6048703703703704
1 0.684375 0.31199074074074074 0.11861979166666667 0.31419444444444444
2 0.666 0.34771296296296295 0.04236979166666666 0.09118518518518519
1 0.5369427083333334 0.3688240740740741 0.11565625 0.4616574074074074
1 0.5199166666666667 0.16955555555555557 0.11531770833333334 0.2594166666666667
2 0.5383385416666666 0.18589814814814815 0.04072395833333333 0.09221296296296297
2 0.5220520833333333 0.0853425925925926 0.037953125000000004 0.08942592592592592
1 0.8092239583333334 0.3238240740740741 0.11220833333333333 0.4571574074074074