1 0.164078125 0.7674907407407408 0.15644270833333335 0.4650277777777778
2 0.17475520833333333 0.5996666666666667 0.05136458333333334 0.12296296296296297
1 0.40926562499999997 0.6923518518518519 0.15066666666666664 0.48183333333333334
2 0.41528645833333333 0.5055555555555555 0.04577083333333333 0.10625
1 0.4568541666666667 0.8122314814814815 0.18528645833333332 0.375537037037037
2 0.46311979166666667 0.7023796296296296 0.05641145833333334 0.15012037037037038
2 0.80740625 0.9436203703703704 0.06684895833333333 0.11276851851851852
1 0.89621875 0.8131944444444444 0.1556145833333333 0.3736111111111111
1 0.8778333333333334 0.587287037037037 0.149125 0.4178148148148148
2 0.9001770833333332 0.69825 0.056015625 0.13514814814814816
1 0.8486302083333332 0.3944814814814815 0.121 0.40902777777777777
2 0.8893333333333333 0.436537037037037 0.04866145833333334 0.10825
1 0.6815364583333333 0.7305277777777778 0.16315104166666666 0.5389537037037038
1 0.707359375 0.4521759259259259 0.1304375 0.3898425925925926
2 0.6869062499999999 0.5074722222222222 0.048625 0.09451851851851852
2 0.6996822916666667 0.3149074074074074 0.040703125 0.11606481481481482
1 0.541 0.5164351851851852 0.12955729166666666 0.5081666666666668
1 0.5473854166666666 0.2631203703703704 0.127890625 0.2522222222222222
1 0.5222604166666667 0.1907314814814815 0.10317708333333334 0.36012037037037037
2 0.5466197916666666 0.31325925925925924 0.04506770833333333 0.10106481481481482
2 0.851796875 0.23657407407407408 0.039109375 0.09044444444444445
2 0.5499270833333333 0.18808333333333332 0.040703125 0.09893518518518518
2 0.5255625 0.04802777777777777 0.03084375 0.07255555555555555
1 0.47125 0.15616666666666668 0.07888020833333333 0.31073148148148144
1 0.6861927083333333 0.1357962962962963 0.10015104166666666 0.2699907407407407