2 0.9316614583333334 0.9005648148148149 0.05603125 0.15708333333333332
1 0.7946302083333333 0.6281574074074073 0.14666666666666667 0.5682037037037037
2 0.7957656249999999 0.40258333333333335 0.047880208333333334 0.11548148148148148
1 0.6139322916666666 0.7998425925925926 0.17603125 0.4003240740740741
2 0.6241354166666666 0.6569999999999999 0.055140625000000006 0.10842592592592593
1 0.52659375 0.6317222222222222 0.14345312500000001 0.5272129629629629
1 0.5128437499999999 0.2771574074074074 0.12441666666666666 0.38646296296296295
2 0.5279375 0.42053703703703704 0.047374999999999994 0.11007407407407407
1 0.84696875 0.3267962962962963 0.10755729166666667 0.4225925925925926
2 0.8460156249999999 0.16396296296296298 0.03840104166666667 0.09129629629629629
1 0.7435572916666667 0.410462962962963 0.11557291666666666 0.4245277777777778
2 0.7536197916666667 0.2464074074074074 0.04290104166666667 0.0912037037037037
1 0.6016614583333334 0.43999074074074074 0.12443229166666667 0.4745648148148148
1 0.6208020833333333 0.15525925925925926 0.11365104166666667 0.31050925925925926
2 0.6048541666666666 0.25294444444444447 0.04378125 0.09526851851851852
1 0.7983281249999999 0.16507407407407407 0.08640104166666666 0.29462962962962963
2 0.81328125 0.06144444444444445 0.03722916666666667 0.08349074074074074
1 0.49497395833333335 0.09318518518518519 0.098828125 0.18637037037037038
2 0.5164739583333333 0.13390740740740742 0.03754166666666667 0.10125925925925926
2 0.6253229166666666 0.031046296296296298 0.03269791666666667 0.06208333333333333
1 0.3188229166666667 0.25177777777777777 0.10852604166666667 0.41088888888888886
2 0.3259635416666667 0.0906388888888889 0.03551041666666667 0.08275925925925925
2 0.49456770833333336 0.01740740740740741 0.03160416666666667 0.03481481481481482