1 0.14308854166666668 0.5357685185185185 0.13465625 0.49386111111111114
2 0.14226041666666667 0.34721296296296295 0.04015104166666667 0.10782407407407407
1 0.3471666666666666 0.46467592592592594 0.12920833333333334 0.4673333333333334
2 0.3455729166666667 0.28703703703703703 0.04302604166666667 0.10629629629629629
1 0.2869114583333333 0.7433518518518519 0.15475 0.513287037037037
2 0.2941822916666667 0.5421759259259259 0.047197916666666666 0.11033333333333332
2 0.8789166666666667 0.8773888888888889 0.05269270833333333 0.1308425925925926
1 0.49227604166666666 0.8156574074074073 0.1695 0.36869444444444444
2 0.49915625 0.6944074074074075 0.0535 0.12451851851851851
1 0.766140625 0.5859722222222222 0.132890625 0.521962962962963
1 0.7729635416666666 0.2174259259259259 0.10586458333333333 0.359462962962963
2 0.7665364583333333 0.3769166666666667 0.044171875 0.10025925925925926
1 0.5648697916666666 0.4521203703703704 0.12247916666666667 0.37539814814814815
2 0.5689166666666666 0.3183796296296296 0.04479166666666667 0.10099999999999999
1 0.5808489583333334 0.7558611111111111 0.13940104166666664 0.4882777777777778
2 0.5779635416666667 0.57075 0.05068229166666667 0.11589814814814815
1 0.45714583333333336 0.39964814814814814 0.11606770833333332 0.4602685185185185
2 0.46045833333333336 0.21157407407407408 0.03714583333333333 0.08580555555555555
1 0.41353125 0.22596296296296295 0.09049479166666667 0.31607407407407406
2 0.42525520833333336 0.10864814814814815 0.03125520833333333 0.07837037037037037
2 0.7743854166666666 0.07686111111111112 0.03719791666666667 0.07989814814814815
1 0.6671354166666668 0.28230555555555553 0.10595312500000001 0.39399999999999996
2 0.6694166666666667 0.12396296296296296 0.03129166666666667 0.07488888888888888
2 0.6559010416666666 0.04175 0.03434375 0.06860185185185186
1 0.6601822916666666 0.6787685185185186 0.13072916666666667 0.5363148148148148
2 0.6504947916666667 0.47464814814814815 0.04710416666666666 0.12636111111111112