1 0.23461458333333332 0.8487037037037037 0.17869791666666668 0.30260185185185184
2 0.24688541666666666 0.7632777777777778 0.05427604166666666 0.13033333333333333
1 0.506109375 0.8730925925925926 0.18011458333333333 0.25380555555555556
2 0.512390625 0.8195555555555556 0.06115104166666666 0.13935185185185187
1 0.354515625 0.6055555555555555 0.13802083333333334 0.5099074074074075
2 0.35713020833333337 0.4071388888888889 0.047755208333333334 0.10685185185185185
1 0.5731093749999999 0.5611944444444444 0.13468229166666665 0.39532407407407405
1 0.599859375 0.8116666666666666 0.14295312500000001 0.37666666666666665
2 0.5896770833333334 0.6930277777777778 0.05659375 0.13314814814814815
1 0.756640625 0.7787407407407407 0.16510416666666666 0.4425277777777778
2 0.760375 0.6286574074074075 0.055963541666666665 0.13950925925925925
2 0.5771458333333332 0.4197777777777778 0.04725520833333333 0.10849074074074075
1 0.8270364583333334 0.7125 0.12303645833333333 0.5686481481481481
2 0.8169739583333333 0.4811018518518519 0.045984375 0.10532407407407407
1 0.46465625 0.49492592592592594 0.12557291666666667 0.49551851851851847
1 0.43723958333333335 0.30669444444444444 0.12060937499999999 0.32219444444444445
2 0.46918750000000004 0.2904351851851852 0.04035416666666667 0.08742592592592592
1 0.6972760416666667 0.36441666666666667 0.10456770833333334 0.4192037037037037
1 0.7736093749999999 0.3005740740740741 0.10965104166666667 0.43160185185185185
1 0.5949010416666667 0.17462037037037037 0.1045 0.34925
1 0.6518437499999999 0.2492685185185185 0.08932291666666667 0.38566666666666666
2 0.4410572916666667 0.1842685185185185 0.03407291666666667 0.07557407407407409
2 0.5939010416666667 0.03966666666666667 0.0319375 0.07933333333333334
2 0.7751614583333333 0.13094444444444445 0.038885416666666665 0.08655555555555557
2 0.699 0.19215740740740742 0.03116666666666667 0.07833333333333332
2 0.6615833333333333 0.09182407407407407 0.03235416666666666 0.07392592592592592