2 0.276546875 0.9270833333333334 0.063 0.14583333333333334
2 0.91909375 0.8048148148148149 0.05783854166666667 0.12774074074074074
1 0.62934375 0.8455277777777778 0.16495312499999998 0.30894444444444447
2 0.6292187499999999 0.7548796296296296 0.05692708333333333 0.13567592592592592
1 0.4045520833333333 0.7677222222222222 0.15302083333333333 0.46455555555555555
1 0.47091666666666665 0.614287037037037 0.139234375 0.46131481481481484
2 0.41643749999999996 0.5924907407407407 0.051723958333333334 0.11718518518518518
2 0.472171875 0.4343518518518519 0.04191145833333333 0.09982407407407408
1 0.7840781250000001 0.6179629629629629 0.13381770833333334 0.5092592592592593
2 0.7845364583333333 0.4136759259259259 0.04092708333333333 0.09521296296296296
2 0.7771302083333332 0.3160925925925926 0.04540625 0.10341666666666667
1 0.6483697916666666 0.43395370370370373 0.10786458333333333 0.4456851851851852
2 0.6604895833333334 0.2594166666666667 0.040906250000000005 0.08805555555555555
2 0.6446354166666667 0.18394444444444444 0.03815104166666667 0.08902777777777779
1 0.72365625 0.18883333333333333 0.10240625 0.37766666666666665
2 0.7230260416666667 0.03761111111111111 0.0364375 0.07522222222222222
1 0.5522708333333333 0.20152777777777778 0.10975520833333333 0.40305555555555556
2 0.558578125 0.03148148148148148 0.034515625 0.06296296296296296