1 0.51890625 0.8462592592592593 0.17642708333333335 0.3074722222222222
2 0.526453125 0.7540648148148148 0.05026041666666667 0.12029629629629629
1 0.6879322916666666 0.6793888888888889 0.13574479166666667 0.5201944444444444
1 0.7370468750000001 0.513361111111111 0.14013541666666668 0.43298148148148147
2 0.70075 0.4693333333333333 0.04595833333333333 0.09816666666666667
1 0.9057916666666667 0.7934074074074075 0.159796875 0.4131851851851852
2 0.90615625 0.6435462962962962 0.04291145833333333 0.106
1 0.961890625 0.748675925925926 0.07621875 0.5026388888888889
2 0.96965625 0.5573055555555555 0.051359375 0.11791666666666666
1 0.736375 0.24784259259259261 0.114734375 0.31312962962962965
2 0.7339114583333333 0.35689814814814813 0.04030729166666667 0.11603703703703704
2 0.7355885416666667 0.14034259259259257 0.038364583333333334 0.09314814814814815
1 0.5613333333333334 0.39087962962962963 0.12588541666666667 0.48312037037037037
1 0.5891354166666667 0.24938888888888885 0.11169791666666667 0.35187037037037033
2 0.56846875 0.18780555555555556 0.03934895833333333 0.074
1 0.38235416666666666 0.31787037037037036 0.11556770833333332 0.4541944444444444
2 0.38175000000000003 0.1351388888888889 0.03960416666666667 0.08387962962962964
2 0.7275572916666667 0.030481481481481484 0.034421875000000005 0.06096296296296297
2 0.596859375 0.11905555555555557 0.037572916666666664 0.08650000000000001
2 0.5804427083333333 0.040379629629629626 0.034791666666666665 0.0728425925925926