1 0.16782812500000002 0.5049166666666666 0.11910416666666666 0.4777037037037037
2 0.173125 0.3217222222222222 0.0400625 0.1065925925925926
1 0.300671875 0.6882222222222222 0.147625 0.5240092592592592
1 0.33755729166666665 0.3859722222222222 0.12211979166666667 0.364
2 0.3088385416666667 0.4785 0.0420625 0.10551851851851851
2 0.3361145833333333 0.25619444444444445 0.041671875000000004 0.10137962962962963
2 0.6830416666666667 0.9449907407407407 0.05434375 0.11002777777777778
1 0.87553125 0.8856666666666666 0.17771354166666667 0.22866666666666668
2 0.8682395833333333 0.8329166666666666 0.05177604166666667 0.12362037037037037
1 0.4901145833333333 0.797611111111111 0.16373437500000002 0.4047777777777778
2 0.4972864583333333 0.6500833333333333 0.0543125 0.10929629629629631
1 0.5758854166666667 0.7376203703703703 0.137328125 0.5247592592592593
1 0.5654270833333332 0.4153888888888889 0.12377083333333333 0.35421296296296295
2 0.5708489583333333 0.5378333333333334 0.048380208333333334 0.12254629629629629
1 0.7510156250000001 0.5519166666666667 0.12724479166666666 0.5063425925925926
1 0.7706666666666667 0.2014537037037037 0.10403645833333333 0.37736111111111115
2 0.7505624999999999 0.3500462962962963 0.043765625 0.09830555555555556
2 0.56778125 0.28827777777777774 0.041505208333333335 0.09627777777777778
1 0.45350520833333335 0.37065740740740744 0.11317708333333334 0.4477777777777778
2 0.45707291666666666 0.19165740740740742 0.036286458333333334 0.0879537037037037
2 0.6276875000000001 0.4301574074074074 0.04616145833333333 0.11982407407407407
1 0.41225 0.218 0.08766145833333333 0.3483611111111111
2 0.41843749999999996 0.08647222222222223 0.03553645833333333 0.07373148148148148
1 0.65828125 0.26112037037037034 0.10355729166666668 0.38885185185185184
2 0.6594479166666667 0.1041574074074074 0.030932291666666667 0.07139814814814814
2 0.7709010416666667 0.05547222222222222 0.038385416666666665 0.07973148148148149
2 0.6533229166666668 0.03197222222222222 0.032046875 0.06394444444444444