2 0.36359895833333333 0.9263425925925927 0.0576875 0.13
1 0.5653177083333334 0.7899722222222222 0.15718229166666667 0.42006481481481484
2 0.5685833333333333 0.6440092592592592 0.05722395833333334 0.12386111111111112
1 0.7518177083333334 0.7547685185185184 0.15346875000000001 0.4904537037037038
2 0.7726458333333334 0.9111851851851852 0.060265624999999996 0.13058333333333333
1 0.925296875 0.6668240740740741 0.14940104166666668 0.42491666666666666
2 0.9315833333333334 0.51175 0.04658333333333333 0.10891666666666666
1 0.9167343750000001 0.8546574074074074 0.16652604166666668 0.29068518518518516
2 0.9342552083333333 0.7746203703703703 0.06129166666666667 0.13316666666666666
2 0.7478229166666667 0.5787777777777778 0.04805729166666666 0.13837962962962963
1 0.5005625 0.36968518518518517 0.12613541666666667 0.42424074074074075
2 0.5466041666666667 0.4648981481481481 0.04936458333333334 0.11978703703703704
1 0.758234375 0.3182962962962963 0.11921875 0.4318240740740741
2 0.7591041666666667 0.1464537037037037 0.03719791666666667 0.08182407407407408
1 0.35727083333333337 0.21831481481481482 0.11567708333333333 0.43662962962962965
2 0.3639322916666667 0.04962037037037037 0.03696354166666667 0.08542592592592593
2 0.5024791666666667 0.20341666666666666 0.037322916666666664 0.0840462962962963
2 0.50465625 0.044675925925925924 0.03631770833333334 0.08935185185185185
2 0.5346510416666667 0.12762962962962962 0.041505208333333335 0.08696296296296296