2 0.9375625 0.8639166666666667 0.058984375 0.12996296296296297
1 0.6395677083333333 0.8708333333333333 0.17083854166666665 0.25834259259259257
2 0.6411354166666666 0.8128796296296296 0.056093750000000005 0.13353703703703704
1 0.38831249999999995 0.7947222222222222 0.16490625 0.4105462962962963
2 0.4000625 0.6491111111111111 0.05409375 0.1187962962962963
1 0.4737864583333333 0.68975 0.148984375 0.5241851851851852
2 0.47834374999999996 0.47863888888888884 0.043666666666666666 0.09815740740740742
1 0.800109375 0.6613518518518519 0.13875520833333335 0.5205185185185185
2 0.8028489583333334 0.4504074074074074 0.040546874999999996 0.09522222222222222
2 0.789203125 0.3464537037037037 0.044708333333333336 0.09947222222222223
1 0.6486614583333333 0.4681574074074074 0.10983333333333332 0.44996296296296295
2 0.6616927083333334 0.2863981481481481 0.039484375 0.08791666666666667
1 0.6172187499999999 0.1479351851851852 0.08975520833333334 0.2958611111111111
2 0.6570677083333333 0.2020462962962963 0.034854166666666665 0.08203703703703703
1 0.7253229166666666 0.21248148148148147 0.10904166666666668 0.41426851851851854
2 0.7251875 0.05047222222222222 0.03509895833333333 0.08481481481481482
1 0.5516614583333334 0.22795370370370371 0.10847916666666667 0.4261759259259259
2 0.5573750000000001 0.05653703703703704 0.03530208333333333 0.07885185185185185
2 0.6139270833333333 0.019731481481481482 0.035541666666666666 0.039462962962962964