1 0.32463020833333334 0.7985277777777777 0.15955729166666668 0.4029351851851852
2 0.33210416666666664 0.6654444444444444 0.052187500000000005 0.1334537037037037
1 0.874234375 0.7947222222222222 0.162859375 0.4105462962962963
2 0.8729947916666667 0.6523240740740741 0.053536458333333335 0.11625925925925926
1 0.59971875 0.751462962962963 0.151390625 0.4237314814814815
2 0.6036458333333333 0.6037685185185185 0.051890624999999996 0.12270370370370372
2 0.5981822916666667 0.88575 0.059895833333333336 0.14662962962962964
1 0.7370989583333334 0.5052962962962964 0.12403645833333334 0.46714814814814815
1 0.7682447916666667 0.3897777777777778 0.11821354166666667 0.4115833333333333
2 0.7667552083333333 0.23158333333333334 0.040265625 0.09284259259259259
1 0.645359375 0.35282407407407407 0.09807291666666668 0.420787037037037
2 0.656875 0.18432407407407406 0.037187500000000005 0.08115740740740741
2 0.7416302083333334 0.3140648148148148 0.036619791666666665 0.0859074074074074
1 0.45387500000000003 0.3883333333333333 0.13378125000000002 0.23517592592592593
2 0.45917708333333335 0.3179537037037037 0.037885416666666664 0.09367592592592593
1 0.44606770833333337 0.6754629629629629 0.14052083333333334 0.5596481481481481
2 0.45284375000000004 0.4474351851851852 0.04618229166666667 0.10412962962962963
1 0.6026979166666667 0.2559814814814815 0.08201041666666667 0.35251851851851856
2 0.6144947916666667 0.12890740740740741 0.03164583333333333 0.09873148148148148
1 0.5510937499999999 0.15137962962962964 0.10041145833333333 0.3027592592592593
1 0.7130572916666666 0.1401203703703704 0.10188020833333335 0.28025