2 0.9520364583333334 0.947324074074074 0.05840104166666667 0.10534259259259258
1 0.806390625 0.6803333333333333 0.15119270833333334 0.5870000000000001
1 0.7522291666666666 0.47479629629629627 0.13174479166666667 0.4813796296296296
2 0.8060625 0.44780555555555557 0.04778125 0.11792592592592592
1 0.6204270833333333 0.8453148148148149 0.18327604166666667 0.30937037037037035
2 0.6301197916666667 0.7487870370370371 0.05874479166666667 0.11461111111111111
1 0.5229114583333333 0.6883333333333334 0.15151562500000001 0.5477129629629629
1 0.510875 0.3183888888888889 0.12744270833333332 0.4055462962962963
2 0.5264791666666667 0.47417592592592595 0.05121875 0.1139074074074074
2 0.7524114583333333 0.2841203703703704 0.044145833333333336 0.0947037037037037
1 0.8522135416666666 0.35855555555555557 0.10954166666666666 0.43060185185185185
2 0.8513854166666667 0.19357407407407407 0.03908333333333334 0.09662962962962963
1 0.6284479166666667 0.20874074074074073 0.11820833333333333 0.3811111111111111
1 0.5960468750000001 0.4864907407407407 0.12745833333333334 0.49423148148148144
2 0.6014322916666667 0.29339814814814813 0.04526041666666667 0.10175000000000001
1 0.49754166666666666 0.10416666666666667 0.10226041666666667 0.2048888888888889
2 0.5139739583333334 0.1675 0.03592708333333334 0.10526851851851851
1 0.31247395833333336 0.2879351851851852 0.11130208333333333 0.42364814814814816
2 0.3203229166666667 0.12208333333333332 0.037453125 0.08602777777777777
1 0.8104635416666667 0.1965462962962963 0.09120312500000001 0.3066851851851852
2 0.8234999999999999 0.08316666666666667 0.038125 0.07487037037037036
2 0.6315052083333333 0.054935185185185184 0.03357291666666666 0.07205555555555555
2 0.4984322916666667 0.031685185185185184 0.033026041666666665 0.06337037037037037