2 0.6386145833333334 0.8306759259259259 0.0621875 0.1200648148148148
1 0.5252708333333334 0.7341018518518518 0.15470833333333334 0.5317962962962963
1 0.506578125 0.3620462962962963 0.13165104166666666 0.42610185185185184
2 0.526578125 0.5310185185185186 0.054114583333333334 0.1185462962962963
1 0.8201145833333333 0.7155 0.15261458333333333 0.5690092592592593
1 0.856359375 0.3809722222222222 0.11291145833333333 0.41724074074074075
2 0.8167187499999999 0.49410185185185185 0.049463541666666666 0.1227314814814815
1 0.7484947916666667 0.5216851851851851 0.13515625 0.4962037037037037
2 0.7527135416666667 0.32541666666666663 0.045265625 0.09824074074074074
1 0.591265625 0.5421666666666667 0.130203125 0.5138148148148147
1 0.6332395833333333 0.2565648148148148 0.11926041666666666 0.4227870370370371
2 0.5968125000000001 0.3359537037037037 0.045484375 0.10025925925925926
1 0.5025625 0.13352777777777777 0.10317708333333334 0.22083333333333333
2 0.5114479166666667 0.2044537037037037 0.03897916666666667 0.10781481481481481
1 0.3056770833333333 0.3279444444444444 0.11388541666666667 0.43141666666666667
2 0.3140677083333333 0.15710185185185185 0.037598958333333335 0.08781481481481482
1 0.8298958333333334 0.23237037037037037 0.11838020833333333 0.32507407407407407
2 0.8566302083333334 0.22036111111111112 0.039578125 0.09473148148148149
2 0.8326354166666667 0.10971296296296296 0.037984375 0.07627777777777778
2 0.637046875 0.08318518518518518 0.034833333333333334 0.06702777777777778
2 0.502125 0.060537037037037035 0.03352083333333333 0.06872222222222223