1 0.10581770833333333 0.5703333333333334 0.14279687500000002 0.5010185185185185
2 0.10206770833333333 0.3790185185185185 0.04351041666666667 0.11460185185185184
1 0.2689739583333333 0.7733703703703704 0.16038541666666667 0.45325925925925925
2 0.2797864583333334 0.6088148148148148 0.049484375000000004 0.11882407407407408
1 0.34851041666666666 0.5067592592592592 0.12749479166666666 0.48293518518518525
2 0.3521770833333333 0.3206481481481482 0.044234375000000006 0.1052037037037037
1 0.4206197916666667 0.2597962962962963 0.08965624999999999 0.33012962962962966
2 0.430859375 0.13680555555555557 0.03327083333333333 0.08230555555555556
1 0.45958854166666663 0.4288888888888889 0.11811458333333333 0.47144444444444444
2 0.46333854166666666 0.2366574074074074 0.04151041666666667 0.09010185185185185
1 0.566828125 0.4878240740740741 0.12877083333333333 0.38878703703703704
2 0.5692395833333334 0.3497314814814815 0.04472916666666667 0.10807407407407407
1 0.4950885416666667 0.8305370370370371 0.1732864583333333 0.33891666666666664
2 0.5019895833333333 0.723037037037037 0.05484375 0.11990740740740741
2 0.8878802083333334 0.9279537037037038 0.05444791666666667 0.12908333333333333
1 0.5911979166666667 0.7733703703703704 0.13198958333333333 0.45325925925925925
2 0.581890625 0.6070277777777778 0.05208854166666667 0.11777777777777779
1 0.6809999999999999 0.7285185185185185 0.14536458333333335 0.5429722222222222
2 0.6786510416666667 0.5257222222222222 0.047947916666666666 0.13250925925925927
1 0.7823072916666667 0.6231296296296297 0.13820833333333335 0.53625
2 0.7810729166666667 0.40806481481481477 0.044036458333333334 0.10080555555555556
1 0.7748854166666667 0.2364074074074074 0.11346875000000001 0.3679351851851852
2 0.7750677083333334 0.09293518518518519 0.03756770833333333 0.07810185185185185
1 0.6767916666666667 0.29008333333333336 0.10924479166666666 0.36621296296296296
2 0.6794583333333333 0.1467314814814815 0.03478125 0.07732407407407407
2 0.6578645833333333 0.060898148148148146 0.034088541666666666 0.07644444444444444
1 0.5878593750000001 0.14751851851851852 0.1015625 0.29504629629629625