2 0.6698541666666666 0.9326574074074074 0.06364583333333333 0.13468518518518519
1 0.49030729166666664 0.7662407407407407 0.15708854166666666 0.46751851851851856
2 0.4961770833333333 0.5879907407407408 0.047036458333333336 0.10842592592592593
1 0.35115104166666666 0.8533425925925926 0.17371875 0.29330555555555554
2 0.3643645833333334 0.7739814814814815 0.059265625 0.13011111111111112
1 0.8376041666666667 0.7391759259259258 0.14763020833333332 0.5216481481481482
2 0.8387291666666666 0.5333611111111111 0.041088541666666666 0.10425000000000001
2 0.8364479166666666 0.42757407407407405 0.046989583333333335 0.10208333333333333
1 0.6625260416666666 0.5467592592592593 0.11715625 0.4818611111111111
2 0.6734010416666667 0.3537222222222222 0.04059895833333334 0.08958333333333333
1 0.7267552083333333 0.2598240740740741 0.11240625 0.4255555555555556
2 0.6860468750000001 0.2702222222222222 0.036036458333333334 0.10506481481481482
2 0.7301614583333333 0.09373148148148149 0.03654166666666667 0.08718518518518519
1 0.6125729166666667 0.20376851851851852 0.08384375 0.3811018518518518
2 0.606375 0.055481481481481486 0.035328125 0.08257407407407408
1 0.5503697916666667 0.29874074074074075 0.11546875 0.4492685185185185
2 0.5563541666666667 0.1118888888888889 0.0366875 0.07151851851851851
1 0.4087135416666667 0.18514814814814815 0.106171875 0.3506296296296296
2 0.40736979166666665 0.05056481481481481 0.034041666666666665 0.07614814814814815