1 0.21071354166666667 0.45039814814814816 0.119890625 0.4618611111111111
2 0.21332812499999998 0.2766574074074074 0.038119791666666666 0.10325000000000001
1 0.31959375 0.3008981481481482 0.11245833333333333 0.2992314814814815
2 0.31879687500000004 0.1985648148148148 0.03877604166666667 0.09293518518518519
1 0.32677604166666663 0.5672407407407407 0.13638541666666668 0.48561111111111116
2 0.33347916666666666 0.37516666666666665 0.04147395833333333 0.09784259259259259
1 0.4869427083333333 0.761361111111111 0.15672395833333336 0.47728703703703707
2 0.49361979166666664 0.585712962962963 0.051468749999999994 0.12003703703703703
2 0.6952291666666667 0.8698611111111112 0.05415625 0.13540740740740742
1 0.8566041666666667 0.8446944444444444 0.16947916666666665 0.3106203703703704
2 0.849609375 0.7487777777777778 0.04886979166666667 0.11441666666666667
1 0.72521875 0.4972314814814815 0.12455729166666667 0.4775277777777778
1 0.7617135416666667 0.17883333333333332 0.09699479166666666 0.35765740740740737
2 0.72503125 0.3074074074074074 0.04225 0.0925462962962963
1 0.5623072916666667 0.6455 0.13296875 0.5001944444444445
1 0.5664583333333333 0.3429351851851852 0.113421875 0.3017222222222222
2 0.55853125 0.4522222222222222 0.0464375 0.10884259259259259
1 0.44511979166666665 0.32210185185185186 0.106671875 0.4215740740740741
2 0.44716666666666666 0.15375 0.03816145833333333 0.0849537037037037
1 0.40384375 0.1793888888888889 0.089140625 0.3516018518518519
2 0.4100729166666667 0.0435462962962963 0.031411458333333336 0.06837037037037037
1 0.6036822916666666 0.5216666666666666 0.10633854166666666 0.4435648148148148
2 0.5973124999999999 0.3579351851851852 0.04307291666666667 0.11448148148148148
1 0.64246875 0.21774074074074073 0.098921875 0.3689444444444444
2 0.6422447916666666 0.06904629629629629 0.02908854166666667 0.0714074074074074
2 0.5704999999999999 0.23875000000000002 0.039359374999999995 0.09190740740740741
2 0.7623802083333333 0.02912962962962963 0.03332291666666667 0.05825925925925926
2 0.645953125 0.017203703703703704 0.02841145833333333 0.03440740740740741