1 0.6921458333333333 0.8338981481481481 0.17068229166666665 0.332212962962963
2 0.6950104166666667 0.7298518518518519 0.051796875 0.12076851851851853
1 0.82190625 0.7772314814814815 0.15619270833333332 0.44553703703703706
2 0.8189270833333333 0.6068611111111111 0.04303645833333333 0.10142592592592593
1 0.47984374999999996 0.6979166666666666 0.145671875 0.577824074074074
1 0.5365729166666667 0.5080462962962964 0.12022916666666666 0.45855555555555555
2 0.48630208333333336 0.45989814814814817 0.04625 0.10096296296296296
1 0.7007083333333333 0.39849074074074076 0.11549479166666667 0.4491759259259259
2 0.701953125 0.22046296296296294 0.03790625 0.08553703703703704
2 0.5348020833333333 0.3245462962962963 0.041890625 0.08807407407407408
1 0.35983333333333334 0.40144444444444444 0.11686458333333333 0.4347962962962963
2 0.366203125 0.2313148148148148 0.038140625000000004 0.0880925925925926
1 0.23684895833333333 0.3547037037037037 0.11066145833333334 0.4225
2 0.23834375 0.19375 0.034234375000000004 0.09585185185185185
1 0.293703125 0.24429629629629626 0.106390625 0.3809722222222222
2 0.2924375 0.09576851851851853 0.03577604166666667 0.08613888888888889
2 0.570796875 0.24700925925925923 0.037890625 0.10557407407407407
2 0.5654427083333334 0.13691666666666666 0.03533854166666666 0.08263888888888889
1 0.429765625 0.23265740740740742 0.10070312499999999 0.3915370370370371
2 0.43300520833333334 0.07960185185185185 0.03398958333333334 0.0884074074074074
1 0.6156666666666666 0.1666111111111111 0.088125 0.3332222222222222
2 0.3646979166666667 0.9563518518518518 0.05023958333333333 0.0872962962962963