2 0.5276822916666667 0.9562777777777778 0.05653645833333333 0.08744444444444444
2 0.9829427083333333 0.7861666666666666 0.03411458333333333 0.11557407407407407
1 0.7218854166666666 0.7735277777777777 0.151734375 0.4529444444444444
2 0.7334166666666667 0.60475 0.047453125 0.10811111111111112
1 0.8017187499999999 0.6888611111111111 0.13377604166666668 0.5242129629629629
1 0.7406614583333333 0.3645185185185185 0.12172916666666667 0.42133333333333334
2 0.7849895833333334 0.48920370370370375 0.043062500000000004 0.12487037037037038
1 0.3084635416666667 0.4265648148148148 0.12840625 0.49583333333333335
2 0.3074791666666667 0.23008333333333333 0.03977604166666667 0.0936111111111111
1 0.5776666666666667 0.5140740740740741 0.13564062500000001 0.5314722222222222
2 0.5857760416666667 0.2903981481481481 0.042468750000000006 0.0830462962962963
2 0.7415885416666667 0.20397222222222222 0.0384375 0.09837037037037037
2 0.576828125 0.19437037037037036 0.040255208333333334 0.09699074074074074
2 0.7430364583333334 0.08966666666666667 0.037322916666666664 0.07877777777777778
2 0.59096875 0.09867592592592592 0.03916145833333333 0.08050925925925927
1 0.7923854166666667 0.19330555555555556 0.07454166666666667 0.3866111111111111
2 0.781796875 0.030064814814814815 0.03467708333333333 0.06012037037037038
1 0.508515625 0.15019444444444446 0.104796875 0.3003888888888889
1 0.3424791666666666 0.12762037037037038 0.08730208333333334 0.25525000000000003