1 0.9075208333333333 0.8523148148148149 0.16226041666666668 0.29536111111111113
1 0.8815729166666666 0.6589351851851851 0.156453125 0.45666666666666667
2 0.9124427083333334 0.7756018518518518 0.057359375 0.13735185185185186
1 0.8627239583333334 0.43221296296296297 0.12741666666666665 0.40328703703703705
2 0.8940260416666667 0.48874074074074075 0.051005208333333336 0.1126851851851852
2 0.8629739583333333 0.27897222222222223 0.040713541666666665 0.09410185185185185
1 0.6928229166666667 0.7618981481481482 0.16908333333333334 0.4762129629629629
1 0.7176458333333334 0.5029166666666667 0.134421875 0.40621296296296294
2 0.6983750000000001 0.5737314814814815 0.049828125 0.09844444444444443
2 0.7086614583333334 0.36226851851851855 0.041958333333333334 0.1216388888888889
1 0.5448906250000001 0.5795833333333333 0.133671875 0.5287685185185186
1 0.5541041666666667 0.3119722222222222 0.13305729166666666 0.27064814814814814
1 0.5264947916666667 0.2245185185185185 0.10565625000000001 0.3754722222222222
2 0.5498437500000001 0.36874074074074076 0.04840625 0.10207407407407407
1 0.45827083333333335 0.8567777777777779 0.18444270833333334 0.2864351851851852
2 0.46135937499999996 0.7933981481481481 0.057229166666666664 0.1578888888888889
1 0.39493229166666666 0.7575185185185185 0.15302083333333333 0.4849722222222222
2 0.39922916666666663 0.5738796296296296 0.04934895833333333 0.1136574074074074
1 0.142828125 0.8013055555555555 0.16447395833333334 0.39737962962962964
2 0.153828125 0.6654907407407408 0.056140625000000006 0.12586111111111112
2 0.5568489583333334 0.22687962962962963 0.04286979166666667 0.0984537037037037
2 0.5279843750000001 0.07471296296296297 0.03316145833333333 0.07362962962962963
1 0.4763645833333333 0.17035185185185184 0.07673437500000001 0.3407037037037037
2 0.4933177083333333 0.02175 0.0309375 0.0435
1 0.698921875 0.15354629629629632 0.10226041666666667 0.30710185185185185