1 0.36520833333333336 0.8836851851851851 0.17609375000000002 0.2326388888888889
2 0.36785416666666665 0.8345 0.05458333333333333 0.13041666666666665
2 0.10086979166666667 0.9176018518518518 0.0644375 0.14894444444444446
1 0.9100885416666666 0.81375 0.17463541666666668 0.3725
1 0.9095520833333333 0.5804537037037036 0.14359895833333333 0.3625277777777777
2 0.9190781250000001 0.6925462962962964 0.05846875 0.12927777777777777
1 0.741515625 0.6751574074074074 0.14785416666666668 0.44919444444444445
2 0.7483020833333334 0.8148981481481482 0.05850520833333333 0.11897222222222223
2 0.9091875 0.45291666666666663 0.045078125 0.10501851851851852
2 0.7386302083333334 0.5227037037037037 0.04701041666666667 0.13497222222222224
1 0.557421875 0.7519166666666667 0.15210416666666668 0.4961666666666667
1 0.5487916666666667 0.4930092592592593 0.14812499999999998 0.31199074074074074
2 0.5611354166666668 0.5668148148148148 0.05300520833333333 0.1215462962962963
1 0.5129375 0.3337407407407407 0.12068229166666668 0.4090555555555555
2 0.55959375 0.3959722222222222 0.04768229166666667 0.11669444444444445
1 0.7421145833333332 0.2628055555555555 0.11426041666666667 0.4114722222222222
2 0.7431145833333334 0.10227777777777777 0.03804166666666667 0.08136111111111112
2 0.5154479166666667 0.1706851851851852 0.03786458333333333 0.07666666666666666
1 0.3688333333333333 0.19633333333333333 0.08145833333333334 0.39266666666666666
2 0.36051041666666667 0.028277777777777777 0.03750520833333334 0.05655555555555555
2 0.52259375 0.09356481481481481 0.03741666666666667 0.07662962962962963
2 0.500234375 0.025768518518518517 0.03696354166666667 0.051537037037037034