2 0.22707291666666668 0.8526481481481482 0.05736458333333334 0.13473148148148148
1 0.35434895833333335 0.6768981481481481 0.14063020833333334 0.5402222222222223
2 0.35509375 0.46867592592592594 0.04869791666666667 0.11782407407407407
1 0.5069427083333333 0.8985648148148149 0.14334375000000002 0.20287037037037037
2 0.5188802083333334 0.8718240740740741 0.062093749999999996 0.1469351851851852
1 0.5796770833333333 0.6078148148148149 0.14222395833333332 0.40523148148148147
1 0.6072395833333334 0.8353611111111111 0.14098958333333333 0.3292777777777778
2 0.5928333333333333 0.7417962962962963 0.05626041666666667 0.13644444444444445
1 0.8135781249999999 0.8118888888888889 0.16454166666666667 0.37621296296296297
2 0.816625 0.6945925925925925 0.058791666666666666 0.13725925925925928
2 0.8334583333333333 0.5234351851851852 0.04936979166666667 0.1108888888888889
2 0.5826770833333333 0.46621296296296294 0.04865625 0.11515740740740742
1 0.4680677083333334 0.5317777777777778 0.12928645833333333 0.5097592592592592
1 0.44306249999999997 0.3524259259259259 0.12234895833333333 0.35480555555555554
2 0.4712604166666667 0.3261388888888889 0.041229166666666664 0.09350925925925925
2 0.44722395833333334 0.21803703703703703 0.034088541666666666 0.0821851851851852
1 0.7762604166666667 0.3278240740740741 0.10772916666666667 0.43449074074074073
2 0.7736041666666666 0.15837037037037036 0.039796874999999995 0.08912037037037036
1 0.6531874999999999 0.2731574074074074 0.09322916666666667 0.40117592592592594
2 0.662390625 0.11455555555555555 0.034666666666666665 0.07628703703703704
1 0.59771875 0.19669444444444445 0.1016875 0.3718148148148148
2 0.599375 0.05793518518518519 0.031421875 0.09133333333333334
1 0.7078749999999999 0.3988611111111111 0.11529166666666667 0.4308425925925926