1 0.15234375 0.49019444444444443 0.13738020833333334 0.4414074074074074
1 0.4203125 0.6155648148148147 0.219359375 0.7688703703703703
1 0.683671875 0.5325092592592593 0.124984375 0.47909259259259257
1 0.7814895833333334 0.4553333333333333 0.08602604166666666 0.2910277777777778
1 0.8518020833333334 0.42164814814814816 0.05572395833333333 0.19525
2 0.18640104166666666 0.3069074074074074 0.03919270833333333 0.0759537037037037
2 0.4123645833333333 0.30737037037037035 0.09234895833333333 0.15312962962962962
2 0.78315625 0.33521296296296293 0.02665625 0.05212037037037037
2 0.6975260416666667 0.33922222222222226 0.038427083333333334 0.07533333333333334
2 0.680609375 0.32845370370370375 0.0395 0.07153703703703704
2 0.8536979166666666 0.3392777777777778 0.016348958333333333 0.030537037037037033