1 0.3394739583333333 0.6018333333333333 0.27884895833333334 0.796324074074074
1 0.10889583333333334 0.5023055555555556 0.16569270833333333 0.46987962962962965
1 0.6475989583333334 0.5559537037037037 0.13581770833333331 0.5436574074074074
1 0.7712447916666666 0.4691111111111111 0.09391666666666666 0.31813888888888886
1 0.8490156249999999 0.4279351851851852 0.055838541666666665 0.20762037037037037
2 0.13580208333333335 0.3079537037037037 0.044661458333333334 0.08027777777777778
2 0.3412395833333333 0.2944722222222222 0.10251562500000001 0.18412037037037038
2 0.6638020833333333 0.3344814814814815 0.04251041666666667 0.08266666666666667
2 0.6464635416666666 0.32355555555555554 0.04191666666666667 0.07791666666666668
2 0.7738437499999999 0.3371018518518518 0.028885416666666667 0.05410185185185185
2 0.85109375 0.34187962962962964 0.017401041666666665 0.03526851851851852