1 0.4843385416666666 0.6118425925925925 0.18730208333333334 0.7247407407407408
1 0.21304166666666668 0.4172314814814815 0.10665625 0.2842037037037037
1 0.71475 0.5114351851851852 0.11442187499999999 0.4304074074074074
1 0.7919270833333333 0.4449259259259259 0.07949479166666666 0.26660185185185187
1 0.8546510416666667 0.41694444444444445 0.050359375 0.18131481481481482
2 0.01940625 0.2841666666666666 0.03880729166666667 0.10626851851851851
2 0.23786458333333332 0.30846296296296294 0.035 0.0675462962962963
2 0.48209375 0.3138796296296296 0.07633333333333334 0.12968518518518518
2 0.7277395833333333 0.3403703703703704 0.034416666666666665 0.07025925925925926
2 0.7112291666666667 0.3307407407407407 0.033880208333333335 0.0683425925925926
2 0.7929635416666667 0.3340092592592593 0.024578125 0.04675925925925926
2 0.8554427083333334 0.3409444444444445 0.016015625 0.02862962962962963