1 0.047374999999999994 0.4875740740740741 0.09474999999999999 0.5012777777777778
1 0.5529739583333334 0.5655740740740741 0.15909374999999998 0.6146944444444444
1 0.7428958333333333 0.4883333333333333 0.09823437500000001 0.3866018518518518
1 0.8074583333333333 0.4324722222222222 0.06041145833333333 0.24667592592592594
1 0.8566302083333334 0.4103611111111111 0.04879166666666667 0.17317592592592593
2 0.049625 0.28525 0.049942708333333335 0.09849074074074074
2 0.28596354166666665 0.30512962962962964 0.033838541666666666 0.05864814814814815
2 0.5524010416666666 0.31469444444444444 0.05735416666666667 0.11114814814814815
2 0.8016875 0.33189814814814816 0.024385416666666666 0.04387962962962963
2 0.7544583333333333 0.33212037037037034 0.028989583333333332 0.057444444444444444
2 0.8568281249999999 0.33773148148148147 0.0151875 0.026796296296296297