1 0.128 0.6643055555555556 0.2560078125 0.49152777777777773
1 0.7079921875 0.6258194444444444 0.2160078125 0.5627083333333333
2 0.7316874999999999 0.3976527777777778 0.056757812500000004 0.10806944444444445
3 0.447640625 0.34141666666666665 0.06491406250000001 0.10701388888888888
3 0.3386015625 0.2573472222222222 0.0517734375 0.11955555555555555
2 0.0488984375 0.4604583333333333 0.059140625 0.08515277777777779
1 0.4642578125 0.7025277777777778 0.20733593749999998 0.3278611111111111
2 0.49646875 0.5702222222222222 0.0328984375 0.06205555555555556
3 0.24965625 0.5538888888888889 0.028171875000000002 0.05345833333333334
2 0.292375 0.6120555555555556 0.023070312500000002 0.044875000000000005
2 0.9748046875 0.4762361111111111 0.050390625 0.0911388888888889