1 0.0465703125 0.7115833333333333 0.093140625 0.29481944444444447
1 0.11394531249999999 0.7101805555555555 0.17347656250000001 0.26979166666666665
1 0.3182578125 0.7032361111111111 0.1989296875 0.3115
1 0.46378125 0.7129305555555555 0.123984375 0.2726805555555556
1 0.5412656250000001 0.7095694444444445 0.18458593750000002 0.28718055555555555
2 0.350625 0.5745277777777779 0.0316015625 0.05441666666666667
2 0.09709375 0.6016944444444445 0.0281171875 0.05438888888888888
2 0.14284375 0.6120833333333333 0.02315625 0.04700000000000001
3 0.272546875 0.6165972222222222 0.019390625 0.035541666666666666
2 0.5628984375 0.5886111111111111 0.0265390625 0.04554166666666667
2 0.5101015624999999 0.5977222222222223 0.024515625 0.04225
3 0.63759375 0.49899999999999994 0.0322578125 0.0652361111111111
3 0.12135156250000001 0.63825 0.0183828125 0.03597222222222222
2 0.0084296875 0.5836111111111111 0.016859375 0.03944444444444444