1 0.074171875 0.7157083333333333 0.14834375 0.28276388888888887
1 0.2894375 0.6865972222222223 0.239109375 0.3680277777777778
1 0.5968515625 0.657375 0.297765625 0.46652777777777776
2 0.07515625000000001 0.6026527777777778 0.0281015625 0.05551388888888889
2 0.280375 0.5347083333333333 0.0366875 0.06322222222222222
2 0.5836718750000001 0.46445833333333336 0.0565078125 0.08075
2 0.8605937499999999 0.44358333333333333 0.055570312499999996 0.08668055555555555
3 0.8095000000000001 0.47131944444444446 0.0430234375 0.07966666666666666
2 0.9859296875 0.48868055555555556 0.028140625000000002 0.07509722222222222
3 0.393375 0.603875 0.020304687499999998 0.04234722222222222
3 0.4272421875 0.6108194444444445 0.026992187499999997 0.03904166666666667