1 0.115796875 0.68775 0.2315859375 0.42727777777777776
1 0.34602343750000003 0.6999444444444444 0.2158046875 0.32472222222222225
1 0.5713203124999999 0.6999444444444444 0.22072656249999997 0.3102638888888889
1 0.6981953125 0.713013888888889 0.1899140625 0.313125
1 0.8988671874999999 0.7338611111111111 0.20226562499999998 0.33352777777777776
3 0.031406250000000004 0.5130972222222222 0.0475 0.07240277777777779
2 0.7399218750000001 0.583375 0.033460937499999996 0.052125000000000005
2 0.9428515624999999 0.5978333333333333 0.037390625 0.059861111111111115
2 0.6258125 0.5760555555555555 0.03046875 0.05658333333333333
2 0.3733125 0.5674583333333333 0.03371875 0.06158333333333334
2 0.24064843749999998 0.580375 0.029546875 0.050930555555555555
2 0.3168515625 0.5982638888888889 0.026992187499999997 0.04748611111111111
2 0.3471640625 0.5927916666666667 0.0259296875 0.042791666666666665
2 0.5170234375 0.6096944444444444 0.0258671875 0.04598611111111111
2 0.5780000000000001 0.5899861111111111 0.0325234375 0.05519444444444445
2 0.9865546875 0.5991666666666666 0.0268828125 0.06666666666666667