1 0.181984375 0.6639999999999999 0.30782031249999997 0.4688055555555556
2 0.13471875 0.48188888888888887 0.047375 0.09065277777777778
2 0.054414062500000006 0.4740972222222223 0.055367187500000005 0.08408333333333333
3 0.08985937499999999 0.4909722222222222 0.0263359375 0.056263888888888884
1 0.6370625000000001 0.7009166666666667 0.20875 0.3315
2 0.670015625 0.5355972222222222 0.0342890625 0.059375
2 0.6214765625 0.56925 0.0342890625 0.06491666666666666
1 0.50409375 0.7115555555555556 0.124609375 0.27745833333333336
2 0.544203125 0.5989305555555556 0.0249375 0.05145833333333333
1 0.388328125 0.7122916666666667 0.174 0.26784722222222224
3 0.4042265625 0.604125 0.02153125 0.04593055555555556