1 0.44721875000000005 0.6496666666666666 0.3459375 0.5193055555555556
1 0.23644531249999998 0.662875 0.26653125 0.4481388888888889
3 0.2504296875 0.5455694444444444 0.0331484375 0.0633611111111111
2 0.1353359375 0.4837916666666666 0.047171875 0.08047222222222222
2 0.22746875000000003 0.47998611111111106 0.0448671875 0.08155555555555555
2 0.3970390625 0.4345277777777778 0.042640625 0.08748611111111111
2 0.45453124999999994 0.49444444444444446 0.0413046875 0.07680555555555556
1 0.9260468749999999 0.7562083333333334 0.14790625 0.2826944444444444
2 0.9510703125 0.6420833333333333 0.0273671875 0.05338888888888889
3 0.9783671875 0.6433333333333333 0.0278359375 0.042611111111111113
3 0.17086718750000002 0.5059444444444444 0.0331015625 0.072125