0 0.547828125 0.6541388888888889 0.3158359375 0.49116666666666664
1 0.500703125 0.6692222222222222 0.301625 0.4407083333333333
1 0.031046875 0.7223333333333334 0.0599921875 0.26841666666666664
1 0.10189843750000001 0.6775972222222222 0.0968203125 0.4237777777777778
3 0.8803046875 0.33466666666666667 0.06546093750000001 0.11377777777777778
3 0.6736484375 0.5807222222222223 0.028249999999999997 0.049222222222222216
3 0.50534375 0.4432361111111111 0.040304687500000005 0.07120833333333333
3 0.4581015625 0.48676388888888894 0.0330859375 0.075625
3 0.420640625 0.49644444444444447 0.0419375 0.07081944444444445
2 0.01109375 0.6132500000000001 0.0221875 0.04631944444444445
3 0.193609375 0.42066666666666663 0.035046875 0.07298611111111111
3 0.266484375 0.3939583333333333 0.043078125 0.07591666666666666
3 0.1363203125 0.4952916666666667 0.028023437499999998 0.057611111111111106