1 0.3325833333333333 0.33990740740740744 0.06464583333333333 0.20592592592592593
1 0.1916510416666667 0.047851851851851854 0.071390625 0.09569444444444444
1 0.44299999999999995 0.3997685185185185 0.07131770833333334 0.20627777777777778
1 0.48861458333333335 0.2408148148148148 0.04930208333333333 0.1635
1 0.576046875 0.2735 0.04633854166666666 0.18389814814814817
1 0.57590625 0.1483611111111111 0.040338541666666665 0.12234259259259259
2 0.3319010416666667 0.2561018518518518 0.0194375 0.03812962962962963
2 0.43518229166666667 0.3142962962962963 0.0195 0.03543518518518519
2 0.57375 0.10026851851851852 0.01396875 0.026527777777777775
2 0.5713072916666667 0.19837962962962963 0.015838541666666667 0.03313888888888889
2 0.48651041666666667 0.17386111111111113 0.014682291666666668 0.029583333333333333