1 0.06459374999999999 0.8391666666666666 0.12833854166666667 0.2981759259259259
1 0.51784375 0.8051666666666667 0.08038020833333334 0.33035185185185184
1 0.26953645833333334 0.7365555555555555 0.092625 0.27965740740740735
1 0.411421875 0.6663611111111111 0.07920833333333334 0.2748703703703704
1 0.3048072916666667 0.38187037037037036 0.06958333333333333 0.20957407407407408
1 0.40668750000000004 0.23173148148148148 0.05083854166666667 0.18242592592592594
1 0.902609375 0.4893796296296296 0.08553125 0.23603703703703702
1 0.7819114583333333 0.5266666666666666 0.06753125 0.24568518518518517
1 0.708453125 0.6894444444444444 0.06667187499999999 0.2892777777777778
1 0.6144322916666667 0.5783888888888888 0.06968229166666666 0.26787037037037037
1 0.5706822916666667 0.4460648148148148 0.058369791666666664 0.22483333333333333
1 0.45781770833333335 0.44662962962962965 0.06234375 0.22977777777777778
1 0.520390625 0.14724074074074076 0.03999479166666667 0.15282407407407408
1 0.5742447916666666 0.21562962962962962 0.04733333333333333 0.17317592592592593
1 0.8416770833333334 0.11269444444444444 0.04282291666666667 0.16275925925925927
1 0.660828125 0.3811018518518518 0.04953645833333333 0.2192314814814815
1 0.6131354166666667 0.060555555555555564 0.03330208333333333 0.12112037037037038
1 0.6810729166666667 0.23736111111111113 0.045083333333333336 0.1854074074074074
1 0.7022708333333333 0.15637037037037035 0.042192708333333336 0.16978703703703704
1 0.7394583333333333 0.03976851851851852 0.027791666666666666 0.07903703703703703
2 0.028953125000000003 0.7191203703703704 0.0330625 0.05575925925925926
2 0.24331770833333335 0.6803796296296296 0.029916666666666664 0.05523148148148148
2 0.2629166666666667 0.6223703703703704 0.025953125 0.052305555555555557
2 0.2954166666666667 0.2948611111111111 0.018942708333333332 0.03571296296296296
2 0.5071875 0.6735555555555556 0.026661458333333332 0.06823148148148148
2 0.3984166666666667 0.5526296296296297 0.024333333333333332 0.04425
2 0.4508229166666667 0.3511111111111111 0.018000000000000002 0.03833333333333333
2 0.4003072916666667 0.15605555555555556 0.015901041666666667 0.031564814814814816
2 0.5651197916666667 0.3533611111111111 0.019989583333333335 0.03891666666666667
2 0.6164843750000001 0.4676296296296297 0.023005208333333336 0.046
2 0.7100104166666666 0.5693888888888889 0.022385416666666665 0.049101851851851855
2 0.7818489583333333 0.42436111111111113 0.022625 0.04256481481481481
2 0.9109739583333333 0.3909722222222222 0.021479166666666667 0.04041666666666666
2 0.6608229166666667 0.2891388888888889 0.018838541666666667 0.036675925925925924
2 0.5674010416666667 0.14881481481481482 0.0154375 0.030870370370370374
2 0.5149166666666667 0.08499999999999999 0.012270833333333333 0.02663888888888889
2 0.57559375 0.14372222222222222 0.011380208333333334 0.028027777777777776
2 0.68246875 0.15913888888888889 0.015291666666666667 0.028027777777777776
2 0.7031770833333333 0.08612962962962963 0.01425 0.027212962962962963
2 0.84690625 0.04853703703703704 0.015166666666666667 0.030027777777777778
3 0.8481354166666667 0.06163888888888888 0.013067708333333334 0.026685185185185187
3 0.7078854166666667 0.09947222222222223 0.012494791666666666 0.022916666666666665