1 0.4668072916666667 0.8597870370370371 0.09925520833333333 0.2804166666666667
1 0.3755572916666667 0.4901018518518518 0.0823125 0.23762037037037037
1 0.9623177083333334 0.22914814814814813 0.064578125 0.1905925925925926
1 0.8592604166666666 0.7395462962962963 0.085265625 0.3035185185185185
1 0.7399114583333334 0.7610462962962963 0.097203125 0.3055833333333333
2 0.45080729166666667 0.7852407407407407 0.026479166666666668 0.05970370370370371
2 0.4681927083333333 0.7471481481481481 0.028796875 0.053898148148148146
2 0.3700364583333334 0.391287037037037 0.022463541666666666 0.039907407407407405
3 0.76390625 0.6804351851851852 0.028963541666666665 0.05225
2 0.754203125 0.631 0.026026041666666666 0.04541666666666666
2 0.865609375 0.6156481481481482 0.031281250000000003 0.055212962962962964
2 0.9752604166666666 0.1508796296296296 0.016375 0.033351851851851855