1 0.29847395833333334 0.8250277777777778 0.10163541666666666 0.2918425925925926
1 0.09530729166666667 0.8981018518518519 0.13658854166666667 0.20378703703703704
1 0.4980572916666667 0.6975 0.08043229166666667 0.2741574074074074
1 0.43791145833333334 0.3828796296296296 0.06697916666666666 0.21581481481481482
1 0.968890625 0.6518888888888889 0.062218749999999996 0.2860462962962963
1 0.9691510416666667 0.24510185185185182 0.061697916666666665 0.19483333333333333
1 0.8274166666666667 0.5216203703703703 0.07138541666666667 0.25686111111111115
1 0.7283333333333334 0.6003240740740741 0.08452604166666666 0.2713148148148148
1 0.7738645833333333 0.8751296296296296 0.08597916666666668 0.24974074074074076
2 0.06583854166666667 0.829462962962963 0.039760416666666666 0.06385185185185184
2 0.27263020833333335 0.7045462962962963 0.028828125 0.05047222222222222
2 0.298890625 0.7074166666666667 0.028520833333333332 0.04975925925925926
2 0.43522916666666667 0.29489814814814813 0.020635416666666666 0.03937962962962963
2 0.48185416666666664 0.6084537037037037 0.024333333333333332 0.048157407407407406
2 0.4962552083333333 0.5841481481481482 0.024083333333333335 0.048074074074074075
2 0.988046875 0.1638240740740741 0.02069270833333333 0.03247222222222222
2 0.9875624999999999 0.5322592592592593 0.024874999999999998 0.04777777777777778
2 0.8299270833333333 0.4157777777777778 0.024786458333333334 0.04412037037037037
2 0.7875104166666667 0.7798611111111111 0.02950520833333333 0.05890740740740741
2 0.7391510416666667 0.4853240740740741 0.023166666666666665 0.04162037037037037
3 0.7422708333333333 0.5297407407407407 0.024458333333333335 0.04691666666666667
3 0.9943541666666668 0.5841388888888889 0.011291666666666667 0.042509259259259254