1 0.94103125 0.6961759259259259 0.09845833333333333 0.28287962962962965
1 0.7052708333333333 0.8589537037037037 0.07711458333333333 0.2820925925925926
1 0.4845416666666667 0.9165740740740741 0.09229166666666666 0.16685185185185183
1 0.3612708333333333 0.8544722222222223 0.09496354166666668 0.2910555555555555
1 0.24245833333333333 0.48297222222222225 0.08257291666666666 0.23587962962962963
1 0.8601875 0.18689814814814815 0.04752083333333333 0.17979629629629632
1 0.7533645833333333 0.07741666666666666 0.0405 0.15435185185185185
1 0.36158854166666665 0.3309537037037037 0.06418229166666667 0.20801851851851852
1 0.42566666666666664 0.5729537037037037 0.07006770833333334 0.25887037037037036
1 0.6005104166666667 0.7388148148148148 0.08065625000000001 0.29853703703703705
1 0.792671875 0.6862685185185184 0.07766145833333334 0.2793888888888889
1 0.58825 0.10753703703703704 0.037515625000000004 0.1570925925925926
1 0.49116666666666664 0.23622222222222222 0.046375000000000006 0.1723888888888889
1 0.5634427083333333 0.28528703703703706 0.052036458333333334 0.19010185185185186
1 0.5492760416666667 0.5697962962962962 0.065703125 0.2544351851851852
1 0.6598697916666667 0.4880462962962963 0.057229166666666664 0.2430925925925926
1 0.68646875 0.32378703703703704 0.049005208333333335 0.2052314814814815
1 0.7078489583333333 0.21178703703703702 0.048296875 0.16251851851851853
1 0.18282812499999998 0.9235925925925926 0.12271354166666668 0.15282407407407408
2 0.4166666666666667 0.46499999999999997 0.020125 0.044287037037037034
2 0.172875 0.8873981481481481 0.03405729166666667 0.06641666666666667
2 0.47061458333333334 0.8749351851851851 0.031171875 0.08112962962962963
2 0.34495833333333337 0.7356851851851851 0.02803125 0.05305555555555555
2 0.23077083333333331 0.3879814814814815 0.02421875 0.04621296296296296
2 0.35616145833333335 0.24591666666666664 0.020046875000000002 0.03632407407407407
2 0.5414895833333334 0.4647962962962963 0.02276041666666667 0.04493518518518519
2 0.792359375 0.5694444444444444 0.026015625 0.04575
2 0.9507708333333333 0.5789074074074074 0.026880208333333332 0.04837037037037037
2 0.7069166666666666 0.7436388888888888 0.028187499999999997 0.05241666666666667
2 0.6026354166666666 0.6155925925925926 0.02558854166666667 0.051425925925925924
2 0.6588541666666666 0.3881851851851852 0.021229166666666667 0.04188888888888889
2 0.6905885416666667 0.23799074074074072 0.017645833333333336 0.03220370370370371
2 0.5552291666666667 0.2135462962962963 0.016192708333333333 0.033018518518518516
2 0.5644427083333333 0.20613888888888887 0.013317708333333334 0.03202777777777778
2 0.5877604166666667 0.04133333333333333 0.013729166666666666 0.023055555555555555
2 0.48403125 0.16624074074074074 0.014317708333333333 0.03096296296296296
2 0.495875 0.17446296296296296 0.009114583333333334 0.02274074074074074
2 0.7546770833333334 0.014027777777777778 0.013682291666666667 0.028046296296296295
2 0.708828125 0.1451851851851852 0.0171875 0.029638888888888888
3 0.8706197916666666 0.1300462962962963 0.016968749999999998 0.031870370370370375
2 0.8669010416666667 0.11466666666666667 0.016520833333333332 0.034583333333333334
3 0.7124583333333334 0.16271296296296295 0.013677083333333334 0.02362037037037037