1 0.25000520833333334 0.2362314814814815 0.05183854166666667 0.16347222222222224
1 0.47371874999999997 0.20519444444444446 0.041130208333333335 0.17291666666666666
1 0.4949375 0.08280555555555556 0.03557291666666666 0.14706481481481481
1 0.7180520833333334 0.07587037037037037 0.03467708333333333 0.14778703703703705
1 0.6605989583333333 0.08264814814814815 0.039718750000000004 0.15525
1 0.6184791666666667 0.14328703703703705 0.03705208333333333 0.16561111111111113
1 0.5729791666666666 0.09933333333333333 0.042692708333333336 0.1541851851851852
2 0.2368697916666667 0.1712962962962963 0.015942708333333333 0.033277777777777774
2 0.4710885416666667 0.13405555555555557 0.015046875 0.03012037037037037
2 0.48596354166666667 0.03211111111111111 0.012187499999999999 0.022768518518518518
2 0.49260937499999996 0.021574074074074075 0.011609375 0.024305555555555556
2 0.61703125 0.07539814814814816 0.012697916666666666 0.030064814814814815
2 0.5701406250000001 0.03459259259259259 0.013713541666666666 0.024416666666666666
2 0.6619062499999999 0.01800925925925926 0.012317708333333333 0.026481481481481484
2 0.719671875 0.015018518518518518 0.011723958333333334 0.025203703703703704