1 0.376046875 0.2682592592592593 0.05913541666666667 0.18905555555555556
1 0.19207291666666665 0.04759259259259259 0.07103125 0.09518518518518518
1 0.48561979166666663 0.33049074074074075 0.058374999999999996 0.19075
1 0.5909531250000001 0.2159074074074074 0.041890625 0.17301851851851854
1 0.502265625 0.19692592592592592 0.04571875 0.1557037037037037
1 0.5883489583333333 0.10297222222222221 0.037369791666666666 0.11519444444444445
2 0.37603125 0.19096296296296297 0.01669270833333333 0.03480555555555556
2 0.47851041666666666 0.2508148148148148 0.015411458333333333 0.03125
2 0.5000104166666667 0.13450925925925927 0.015182291666666665 0.030277777777777782
2 0.5861770833333334 0.058 0.013572916666666665 0.026212962962962962
2 0.5870156249999999 0.1432314814814815 0.013973958333333333 0.02862037037037037