1 0.24054687500000002 0.33699074074074076 0.06069270833333333 0.18903703703703703
1 0.3763697916666667 0.40994444444444444 0.054953125000000005 0.21962037037037035
1 0.449109375 0.21142592592592593 0.047276041666666664 0.17312962962962963
1 0.6018177083333334 0.2788425925925926 0.04882291666666667 0.20317592592592593
1 0.7201302083333334 0.2084351851851852 0.03919270833333333 0.1783611111111111
1 0.7980520833333333 0.06739814814814815 0.0463125 0.13480555555555557
1 0.6497916666666667 0.19824074074074075 0.043854166666666666 0.18018518518518517
1 0.48378645833333334 0.08460185185185186 0.03657291666666666 0.14547222222222222
1 0.5397656249999999 0.21897222222222223 0.04830208333333333 0.1796574074074074
1 0.7583541666666667 0.14512962962962964 0.04180729166666666 0.1616203703703704
1 0.67640625 0.10337962962962964 0.03715104166666667 0.15714814814814815
1 0.620203125 0.13969444444444445 0.03910416666666667 0.15612962962962965
1 0.5423333333333333 0.11535185185185184 0.04011979166666667 0.12052777777777776
1 0.6015885416666666 0.046435185185185184 0.031947916666666666 0.09287037037037037
2 0.3763020833333333 0.31925925925925924 0.018661458333333332 0.03762962962962963
2 0.227265625 0.26013888888888886 0.017447916666666667 0.03775925925925926
2 0.4386927083333333 0.15614814814814815 0.014927083333333334 0.028305555555555556
2 0.44647916666666665 0.14028703703703702 0.014927083333333334 0.030925925925925926
2 0.47721874999999997 0.0245462962962963 0.012369791666666666 0.025564814814814815
2 0.5393489583333333 0.06642592592592592 0.011583333333333333 0.02226851851851852
2 0.5341510416666666 0.14250925925925925 0.013552083333333333 0.027416666666666666
2 0.5974843750000001 0.19578703703703704 0.01740625 0.037203703703703704
2 0.6505833333333333 0.1222962962962963 0.014239583333333333 0.028398148148148148
2 0.6174375 0.07531481481481482 0.01321875 0.02699074074074074
2 0.7226197916666667 0.13298148148148148 0.014812500000000001 0.027731481481481482
2 0.7580156250000001 0.07791666666666668 0.014328125 0.025944444444444444
2 0.6748177083333334 0.039851851851851854 0.013578125 0.0295
2 0.8029427083333334 0.008722222222222221 0.013453125 0.017435185185185182