1 0.1006875 0.9208055555555555 0.12430208333333333 0.15838888888888888
1 0.132546875 0.6539814814814814 0.10261979166666667 0.25069444444444444
1 0.33310416666666665 0.5401851851851852 0.07367708333333334 0.24499074074074073
1 0.5459583333333333 0.6267037037037038 0.07077604166666666 0.2871296296296296
1 0.3590677083333333 0.2881944444444444 0.05554166666666667 0.19028703703703703
1 0.44313020833333333 0.15258333333333332 0.041791666666666664 0.16678703703703704
1 0.4473854166666667 0.5132407407407407 0.06579166666666666 0.24444444444444444
1 0.48596354166666667 0.3444351851851852 0.056192708333333334 0.212
1 0.7155729166666667 0.5245462962962962 0.053848958333333335 0.23423148148148148
1 0.8700989583333333 0.33725925925925926 0.07159895833333334 0.20359259259259258
1 0.77365625 0.39951851851851855 0.05994791666666666 0.22137962962962962
1 0.6260260416666666 0.4561851851851852 0.06241666666666667 0.23835185185185187
1 0.5880624999999999 0.3431111111111111 0.053989583333333334 0.20436111111111113
1 0.5454895833333333 0.07487962962962963 0.033703124999999994 0.14178703703703704
1 0.5837135416666667 0.16053703703703703 0.043708333333333335 0.15983333333333333
1 0.6334114583333333 0.032574074074074075 0.029328125 0.06515740740740741
1 0.8258593750000001 0.06187037037037037 0.038864583333333334 0.12374074074074073
1 0.6620989583333333 0.2912222222222222 0.04392708333333333 0.19675
1 0.6779427083333334 0.1725833333333333 0.04051041666666667 0.17269444444444443
1 0.6978072916666667 0.09883333333333333 0.03947916666666666 0.15466666666666665
2 0.067375 0.8743055555555556 0.043859375 0.06425
2 0.10445312500000001 0.5541018518518518 0.03164583333333333 0.04964814814814814
2 0.3143854166666667 0.4750648148148149 0.024458333333333335 0.04297222222222222
2 0.32752083333333337 0.4406851851851852 0.02188020833333333 0.044083333333333335
2 0.3517604166666667 0.21041666666666667 0.016307291666666664 0.033685185185185186
2 0.44217708333333333 0.4106944444444445 0.020588541666666668 0.04026851851851852
2 0.5364010416666667 0.5144907407407407 0.023744791666666668 0.06099074074074075
2 0.47990104166666664 0.2549722222222222 0.015270833333333334 0.03359259259259259
2 0.4364739583333333 0.08417592592592592 0.014911458333333332 0.02907407407407407
2 0.7146562500000001 0.42875 0.021770833333333333 0.04262962962962963
2 0.6266979166666666 0.3565555555555555 0.019953125000000002 0.03808333333333334
2 0.5832552083333333 0.25907407407407407 0.01796875 0.03581481481481481
2 0.7724375 0.3074722222222222 0.01959375 0.035972222222222225
2 0.876859375 0.2522685185185185 0.01934375 0.03447222222222222
2 0.66428125 0.20881481481481481 0.0169375 0.031629629629629626
2 0.6782552083333333 0.09897222222222223 0.014098958333333333 0.026462962962962962
2 0.6980572916666666 0.033351851851851855 0.013286458333333334 0.021675925925925925
3 0.7020989583333334 0.047 0.011671875 0.023111111111111114