1 0.3842552083333333 0.7444907407407407 0.07966666666666668 0.2955740740740741
1 0.16359895833333335 0.6224814814814814 0.10215104166666666 0.2596759259259259
1 0.3041510416666667 0.45882407407407405 0.07648958333333335 0.2384814814814815
1 0.5797760416666667 0.8995833333333333 0.09196354166666666 0.20082407407407407
1 0.8101770833333333 0.8688240740740741 0.08800520833333333 0.26235185185185184
1 0.5484375 0.37396296296296294 0.05668229166666667 0.20947222222222223
1 0.45429166666666665 0.3548981481481482 0.05042708333333333 0.20110185185185184
1 0.5200625 0.7332407407407407 0.07632812500000001 0.29012037037037036
1 0.6597395833333334 0.6310185185185185 0.06598958333333334 0.2790648148148148
1 0.555046875 0.17516666666666666 0.041130208333333335 0.1709537037037037
1 0.7699479166666666 0.1643888888888889 0.047 0.17600000000000002
1 0.8859375 0.2853611111111111 0.05584375 0.20737962962962964
1 0.709140625 0.2940462962962963 0.06416145833333334 0.17688888888888887
1 0.6976770833333333 0.44062962962962965 0.05439583333333333 0.22758333333333333
2 0.1475 0.5181851851851852 0.029463541666666666 0.05234259259259259
2 0.3719375 0.6217685185185186 0.022578125 0.05002777777777778
2 0.2979114583333333 0.3605925925925926 0.022010416666666664 0.04265740740740741
2 0.5088281250000001 0.6125648148148148 0.025161458333333334 0.04902777777777778
2 0.8101927083333333 0.7660370370370371 0.031411458333333336 0.05530555555555555
2 0.6575677083333333 0.5136296296296297 0.02335416666666667 0.04488888888888889
2 0.8903802083333333 0.20155555555555557 0.021755208333333335 0.03903703703703704
3 0.8985208333333333 0.2262962962962963 0.018666666666666668 0.03342592592592593
2 0.7160364583333333 0.22153703703703703 0.017713541666666666 0.03112962962962963
3 0.7172031249999999 0.24317592592592593 0.01584375 0.025833333333333333
2 0.7719427083333333 0.09136111111111112 0.014666666666666666 0.03040740740740741
2 0.5530364583333333 0.10432407407407407 0.013916666666666666 0.027916666666666666
2 0.701828125 0.3486574074074074 0.019567708333333333 0.04167592592592592
2 0.5378385416666667 0.2975277777777778 0.020979166666666667 0.03484259259259259
2 0.5492708333333333 0.2874166666666667 0.01640625 0.034944444444444445
2 0.44378124999999996 0.2702037037037037 0.015651041666666667 0.032796296296296296
2 0.45688020833333337 0.28002777777777776 0.015213541666666667 0.02737962962962963