1 0.41903124999999997 0.20162962962962963 0.05130208333333333 0.17186111111111113
1 0.529296875 0.25662962962962965 0.048005208333333334 0.1747314814814815
1 0.5165416666666667 0.14037962962962963 0.04227604166666667 0.1322037037037037
1 0.6033489583333334 0.15636111111111112 0.03913020833333333 0.15306481481481482
1 0.6011354166666667 0.053759259259259264 0.03313541666666667 0.10752777777777778
1 0.19206770833333334 0.04665740740740741 0.07142708333333332 0.09331481481481482
2 0.41822916666666665 0.13098148148148148 0.015234375 0.030999999999999996
2 0.52334375 0.18319444444444444 0.014255208333333333 0.02736111111111111
2 0.5151875 0.0875 0.012052083333333333 0.025907407407407407
2 0.6014114583333333 0.09278703703703703 0.012859375000000001 0.023953703703703706
2 0.5993541666666666 0.012157407407407408 0.013020833333333334 0.024314814814814817