1 0.18472395833333335 0.6097592592592592 0.09792187499999999 0.27575925925925926
1 0.32637499999999997 0.612537037037037 0.08138020833333333 0.2514351851851852
1 0.45015625 0.36260185185185184 0.0620625 0.19315740740740742
1 0.5200052083333333 0.45108333333333334 0.0615 0.22343518518518518
1 0.542859375 0.29791666666666666 0.047109375 0.18328703703703703
2 0.17835416666666667 0.4996388888888889 0.026822916666666665 0.05175
2 0.313015625 0.5086666666666667 0.024796875 0.043731481481481475
2 0.5390364583333334 0.22168518518518518 0.016916666666666667 0.029925925925925925
2 0.4494166666666667 0.2844166666666667 0.01884375 0.03623148148148148
2 0.5143854166666667 0.36080555555555555 0.020072916666666666 0.042222222222222223
1 0.17884895833333334 0.048185185185185185 0.06888541666666666 0.0963611111111111