1 0.080125 0.8095370370370369 0.13366666666666666 0.3207407407407407
1 0.265984375 0.7428611111111111 0.09536979166666668 0.27411111111111114
1 0.48259375000000004 0.5536666666666668 0.070921875 0.24337962962962964
1 0.5265260416666666 0.3791111111111111 0.05269270833333333 0.21003703703703705
1 0.43083333333333335 0.423962962962963 0.066703125 0.20619444444444443
2 0.07065625 0.6780833333333334 0.034213541666666666 0.05681481481481481
2 0.248453125 0.6273518518518518 0.027479166666666666 0.044287037037037034
2 0.4771197916666667 0.45464814814814813 0.019197916666666665 0.04474074074074074
2 0.43004687500000005 0.3416111111111111 0.019192708333333332 0.03972222222222222
2 0.5212239583333333 0.2903981481481481 0.019255208333333333 0.03492592592592592
1 0.164609375 0.04572222222222223 0.06826041666666667 0.09143518518518519