1 0.3077083333333333 0.551324074074074 0.06996875 0.2546759259259259
1 0.21822916666666667 0.4119351851851852 0.06999479166666665 0.21008333333333332
1 0.587421875 0.3720462962962963 0.05538020833333333 0.22474999999999998
1 0.4190364583333333 0.2931759259259259 0.053807291666666666 0.19244444444444445
1 0.8188541666666667 0.1378148148148148 0.050562499999999996 0.1565277777777778
1 0.448390625 0.14225925925925925 0.04143229166666666 0.15806481481481482
1 0.7630572916666666 0.20869444444444443 0.04658854166666667 0.17764814814814817
1 0.7215364583333332 0.2932962962962963 0.04504166666666667 0.19886111111111113
1 0.6442708333333333 0.26570370370370366 0.05059375 0.19748148148148148
1 0.5163541666666667 0.29577777777777775 0.05288020833333333 0.19508333333333333
1 0.611578125 0.19380555555555556 0.045000000000000005 0.1696851851851852
1 0.5277239583333333 0.18425925925925926 0.04569270833333334 0.15871296296296297
1 0.6729843750000001 0.1536388888888889 0.040364583333333336 0.1628611111111111
1 0.5981562500000001 0.06687037037037037 0.03728125 0.13373148148148148
2 0.29953645833333337 0.445712962962963 0.020041666666666666 0.043759259259259255
2 0.20486458333333332 0.32683333333333336 0.0206875 0.03917592592592593
2 0.57959375 0.28196296296296297 0.019609375 0.045092592592592594
2 0.5084791666666667 0.21294444444444444 0.015828125000000002 0.03239814814814815
2 0.4054895833333333 0.23525925925925928 0.016723958333333334 0.03178703703703704
2 0.41480729166666663 0.21496296296296297 0.01677604166666667 0.036444444444444446
2 0.4424635416666666 0.07767592592592593 0.013494791666666667 0.02907407407407407
2 0.522671875 0.11845370370370371 0.012703125000000001 0.026583333333333334
2 0.7211770833333334 0.21125925925925926 0.01684375 0.03386111111111111
2 0.6424114583333334 0.18273148148148147 0.01690104166666667 0.031148148148148147
2 0.6093072916666666 0.12270370370370372 0.013927083333333333 0.02822222222222222
2 0.6712708333333333 0.08716666666666667 0.014531249999999999 0.030222222222222223
2 0.5935260416666667 0.011879629629629629 0.011885416666666667 0.023759259259259258
2 0.7639947916666666 0.1344074074074074 0.015729166666666666 0.029824074074074076
2 0.8245572916666667 0.07229629629629629 0.015062500000000001 0.0255