1 0.25211979166666665 0.2788611111111111 0.05634895833333333 0.1755
1 0.431703125 0.2945 0.047088541666666664 0.19177777777777777
1 0.4755572916666667 0.14152777777777778 0.043557291666666664 0.15525
1 0.6556927083333334 0.1395462962962963 0.044270833333333336 0.16492592592592592
1 0.721140625 0.13796296296296295 0.040375 0.15880555555555556
1 0.6118854166666666 0.20351851851851852 0.044296875 0.18443518518518517
1 0.5579895833333333 0.15643518518518518 0.04544270833333333 0.16694444444444445
1 0.509765625 0.0485 0.029057291666666665 0.09700925925925925
1 0.7531197916666666 0.08025 0.038447916666666665 0.14812037037037037
1 0.6260833333333333 0.08545370370370371 0.035932291666666664 0.14278703703703705
1 0.6791197916666667 0.05994444444444444 0.034703124999999994 0.11987962962962963
1 0.555453125 0.05646296296296296 0.03815104166666667 0.09830555555555556
2 0.2361197916666667 0.20844444444444446 0.016578125 0.03427777777777778
2 0.432203125 0.21339814814814814 0.0161875 0.031314814814814816
2 0.46515625 0.0911388888888889 0.013458333333333333 0.02401851851851852
2 0.47222916666666664 0.07821296296296296 0.013161458333333332 0.028981481481481483
2 0.752859375 0.01862962962962963 0.013375 0.02484259259259259
2 0.7218020833333333 0.07081481481481482 0.014005208333333333 0.02499074074074074
2 0.6571197916666667 0.06953703703703704 0.012989583333333334 0.02673148148148148
2 0.6085520833333333 0.12710185185185185 0.015192708333333334 0.031657407407407405
2 0.6234947916666667 0.02684259259259259 0.012703125000000001 0.026333333333333334
2 0.5531041666666667 0.018583333333333334 0.010890625 0.021592592592592594
2 0.554625 0.08514814814814814 0.013348958333333332 0.02362037037037037