1 0.27407291666666667 0.4452314814814815 0.072671875 0.23095370370370372
1 0.3892291666666667 0.4899351851851852 0.07354166666666666 0.22480555555555554
1 0.4716302083333333 0.29456481481481483 0.052947916666666664 0.1763888888888889
1 0.18811979166666667 0.04753703703703704 0.06967187500000001 0.09506481481481481
1 0.5548489583333333 0.34976851851851853 0.05090104166666667 0.19774074074074074
1 0.5611406250000001 0.21067592592592593 0.04211979166666667 0.14570370370370372
2 0.27118749999999997 0.35185185185185186 0.022942708333333332 0.043
2 0.3790104166666667 0.39725 0.020281249999999997 0.03875925925925926
2 0.5581822916666667 0.1529259259259259 0.015208333333333332 0.028444444444444442
2 0.47029166666666666 0.22183333333333335 0.017802083333333333 0.032824074074074075
2 0.5487708333333334 0.2673055555555556 0.01665625 0.03150925925925926