1 0.21769270833333335 0.7443425925925926 0.09650520833333333 0.29958333333333337
1 0.18479166666666666 0.5106759259259259 0.08075520833333334 0.2270740740740741
1 0.5684791666666666 0.48615740740740737 0.06158333333333333 0.25302777777777774
1 0.38060937499999997 0.4013981481481481 0.06538541666666667 0.2154537037037037
1 0.4083802083333333 0.20955555555555555 0.04650520833333334 0.17378703703703705
1 0.50884375 0.2500648148148148 0.050708333333333334 0.16942592592592592
1 0.84353125 0.22049074074074074 0.05790104166666667 0.18025925925925926
1 0.7686822916666666 0.29471296296296295 0.05397395833333333 0.19398148148148148
1 0.7177239583333334 0.40324074074074073 0.049953125 0.22578703703703704
1 0.4854791666666667 0.39328703703703705 0.05821875 0.21410185185185185
1 0.6337083333333333 0.3511388888888889 0.04930208333333333 0.21575925925925926
1 0.6659010416666666 0.21737962962962964 0.038098958333333335 0.18116666666666667
1 0.6014635416666666 0.2615925925925926 0.048630208333333334 0.18151851851851852
1 0.4717135416666667 0.08202777777777778 0.03874479166666667 0.15006481481481482
1 0.5916822916666666 0.11117592592592591 0.039822916666666666 0.15188888888888888
1 0.6750677083333334 0.11440740740740742 0.034958333333333334 0.15943518518518518
1 0.6930052083333333 0.058805555555555555 0.037015624999999996 0.11762037037037038
2 0.16393749999999999 0.41959259259259263 0.023781249999999997 0.04513888888888889
2 0.2044427083333333 0.62175 0.026921874999999998 0.05290740740740741
2 0.3657291666666667 0.3410462962962963 0.01932291666666667 0.037814814814814815
2 0.37669270833333335 0.31306481481481485 0.01904166666666667 0.039314814814814816
2 0.40059374999999997 0.13774074074074072 0.014921875 0.030027777777777778
2 0.5599427083333333 0.38573148148148145 0.022875 0.05207407407407408
2 0.478203125 0.3024074074074074 0.018000000000000002 0.03144444444444445
2 0.5030572916666667 0.18025 0.014348958333333333 0.030111111111111113
2 0.467140625 0.02173148148148148 0.0134375 0.028888888888888888
2 0.84878125 0.14491666666666667 0.014489583333333333 0.029037037037037035
2 0.7674427083333334 0.21299074074074073 0.018442708333333332 0.032935185185185185
2 0.7181562499999999 0.3081759259259259 0.019057291666666667 0.035500000000000004
2 0.6343385416666667 0.2606574074074074 0.018052083333333333 0.03568518518518519
2 0.5983958333333333 0.18478703703703703 0.015375 0.027685185185185184
2 0.66809375 0.14107407407407407 0.015869791666666667 0.028694444444444443
2 0.586078125 0.05150925925925926 0.014166666666666666 0.027166666666666665
2 0.5931093749999999 0.048046296296296295 0.009760416666666666 0.023675925925925927
2 0.6765885416666666 0.04713888888888888 0.013010416666666667 0.024305555555555556