1 0.089375 0.7600555555555556 0.12215104166666667 0.2901388888888889
1 0.489046875 0.8693333333333333 0.08571354166666666 0.26134259259259257
1 0.3459479166666667 0.8744907407407407 0.09769791666666668 0.25101851851851853
1 0.2511979166666667 0.5867129629629629 0.084265625 0.2690462962962963
1 0.6581979166666667 0.7718703703703704 0.07394791666666665 0.31127777777777776
1 0.4175520833333334 0.47214814814814815 0.07005208333333333 0.22436111111111112
1 0.5348020833333333 0.4609074074074074 0.06146354166666667 0.22621296296296298
1 0.5217447916666667 0.23325925925925925 0.045953125000000004 0.1834259259259259
1 0.911078125 0.38412962962962965 0.06660416666666666 0.22800925925925927
1 0.7851770833333334 0.25310185185185186 0.05402083333333333 0.19218518518518518
1 0.71625 0.5579907407407407 0.06830208333333333 0.2529074074074074
1 0.71371875 0.3805648148148148 0.06949479166666667 0.20919444444444446
2 0.32422395833333334 0.7765648148148149 0.0285625 0.05581481481481482
2 0.06584895833333333 0.642287037037037 0.03386979166666667 0.05486111111111111
2 0.240046875 0.4751018518518519 0.026338541666666666 0.04560185185185185
2 0.47798958333333336 0.7664629629629629 0.02802083333333333 0.05537962962962963
2 0.6569791666666667 0.6410555555555556 0.027322916666666665 0.050333333333333334
2 0.40201041666666665 0.3806296296296296 0.021057291666666665 0.04268518518518519
2 0.41931770833333337 0.38839814814814816 0.017260416666666667 0.03180555555555556
2 0.5194166666666666 0.15668518518518518 0.014661458333333332 0.030064814814814815
2 0.5221354166666666 0.3828333333333333 0.022723958333333336 0.04236111111111111
2 0.534328125 0.36666666666666664 0.018791666666666665 0.03748148148148148
2 0.7215677083333334 0.2922592592592593 0.018526041666666666 0.0325925925925926
3 0.7235677083333333 0.31899074074074074 0.017385416666666667 0.03119444444444444
2 0.7193437500000001 0.45454629629629634 0.019713541666666667 0.03912037037037037
2 0.7878541666666667 0.17385185185185184 0.018385416666666664 0.03353703703703704
2 0.9180833333333334 0.2905277777777778 0.022583333333333334 0.04025
3 0.9260937499999999 0.32155555555555554 0.022296875 0.04125925925925926