1 0.3295892018779343 0.5565 0.1934037558685446 0.39297916666666666
1 0.10320422535211268 0.5506458333333334 0.20640845070422537 0.38387499999999997
1 0.6290258215962441 0.5194166666666666 0.10463615023474179 0.2589375
1 0.7583215962441315 0.4907083333333333 0.07646713615023475 0.20539583333333333
1 0.524518779342723 0.5086458333333334 0.11082159624413146 0.2378125
1 0.8663380281690141 0.5974375 0.160481220657277 0.39866666666666667
2 0.08616197183098591 0.3937708333333333 0.03890845070422535 0.06458333333333334
2 0.12658450704225352 0.37672916666666667 0.03487089201877935 0.06279166666666666
2 0.329906103286385 0.39877083333333335 0.03607981220657277 0.07166666666666667
2 0.2764201877934272 0.40372916666666664 0.027065727699530515 0.05260416666666667
2 0.2437793427230047 0.40258333333333335 0.027922535211267606 0.050333333333333334
2 0.8885680751173708 0.43343750000000003 0.03900234741784037 0.07745833333333334
1 0.9451995305164319 0.48370833333333335 0.06313380281690141 0.15820833333333334
2 0.6325352112676056 0.41450000000000004 0.028321596244131456 0.04779166666666667
2 0.756255868544601 0.4058333333333334 0.020422535211267603 0.033791666666666664
2 0.9457276995305164 0.4191875 0.015352112676056339 0.0233125
2 0.5019366197183098 0.412625 0.024800469483568073 0.04475
2 0.526056338028169 0.4105416666666667 0.023215962441314554 0.041875
2 0.8655985915492957 0.40579166666666666 0.013497652582159625 0.029541666666666667