1 0.3931338028169014 0.5451250000000001 0.20039906103286387 0.4032708333333333
1 0.6340140845070422 0.6041041666666668 0.21065727699530515 0.47841666666666666
1 0.928368544600939 0.47220833333333334 0.05372065727699531 0.17183333333333334
1 0.7281924882629107 0.4719375 0.07698356807511737 0.19722916666666668
1 0.8075586854460094 0.4830416666666667 0.06746478873239437 0.22008333333333333
1 0.9788028169014085 0.4656666666666667 0.0423943661971831 0.1605
1 0.5461737089201878 0.5030416666666667 0.11133802816901409 0.3123333333333333
2 0.38929577464788734 0.38004166666666667 0.040481220657276995 0.074625
2 0.6520539906103285 0.4048541666666667 0.04907276995305165 0.08002083333333333
2 0.5325469483568075 0.37935416666666666 0.03269953051643192 0.059416666666666666
2 0.9277230046948356 0.40245833333333336 0.01733568075117371 0.03289583333333333
2 0.8082511737089202 0.39002083333333337 0.0184037558685446 0.03335416666666667
2 0.9872652582159624 0.40225000000000005 0.01683098591549296 0.027625
2 0.5002230046948357 0.37843750000000004 0.020352112676056338 0.04645833333333334
2 0.5481924882629108 0.38545833333333335 0.02740610328638498 0.05622916666666666
2 0.7137558685446009 0.39443750000000005 0.0193075117370892 0.026479166666666668
2 0.7317488262910798 0.39839583333333334 0.01653755868544601 0.022916666666666665