1 0.12015258215962442 0.5643333333333334 0.23929577464788732 0.42854166666666665
1 0.5529107981220657 0.4916875 0.10146713615023474 0.24539583333333334
1 0.735586854460094 0.5074583333333333 0.08620892018779343 0.2243125
2 0.09915492957746479 0.3829166666666667 0.04231220657276995 0.0711875
2 0.5483802816901409 0.3909375 0.023673708920187796 0.041229166666666664
2 0.731056338028169 0.4140833333333333 0.0211150234741784 0.03529166666666667
1 0.8712793427230048 0.5002708333333333 0.06491784037558686 0.19183333333333333
1 0.9624999999999999 0.4784791666666666 0.05535211267605633 0.13954166666666667
2 0.8718896713615024 0.4213125 0.015938967136150235 0.033604166666666664
1 0.9142605633802817 0.48612500000000003 0.05030516431924883 0.16877083333333334
2 0.9082981220657277 0.41383333333333333 0.01334507042253521 0.023416666666666665
1 0.8391549295774648 0.4793541666666667 0.038415492957746475 0.15152083333333335
2 0.8492723004694837 0.4189166666666667 0.013251173708920186 0.0288125
2 0.9571948356807511 0.42164583333333333 0.012112676056338029 0.024562499999999998
2 0.9926760563380281 0.41989583333333336 0.01232394366197183 0.022208333333333333