1 0.14677230046948356 0.59075 0.2907863849765258 0.5308333333333334
1 0.4859154929577465 0.5148958333333333 0.1557981220657277 0.3178125
1 0.6425821596244131 0.5401041666666667 0.1127582159624413 0.33156250000000004
1 0.7891431924882629 0.5073333333333333 0.0817018779342723 0.24947916666666667
1 0.9109741784037558 0.49014583333333334 0.05865023474178404 0.16658333333333333
1 0.9757863849765258 0.47852083333333334 0.04841549295774648 0.13535416666666666
2 0.13422535211267606 0.37622916666666667 0.061795774647887325 0.09427083333333333
2 0.4949413145539906 0.38343750000000004 0.02681924882629108 0.04847916666666666
2 0.6357863849765258 0.4027291666666667 0.02754694835680751 0.04958333333333333
1 0.5902112676056338 0.48575 0.068943661971831 0.24135416666666665
2 0.7861737089201879 0.40089583333333334 0.022065727699530517 0.0363125
2 0.9088262910798123 0.41766666666666663 0.014061032863849765 0.021625000000000002
2 0.5248826291079812 0.4312916666666667 0.024166666666666666 0.04016666666666667
2 0.988849765258216 0.4209583333333333 0.012488262910798123 0.022104166666666664
2 0.9378755868544602 0.41402083333333334 0.013497652582159625 0.023895833333333335
2 0.6099530516431925 0.3860208333333333 0.02353286384976526 0.04310416666666667