1 0.5560446009389671 0.5381458333333333 0.14910798122065727 0.35381250000000003
1 0.6483920187793427 0.49770833333333336 0.103462441314554 0.25804166666666667
1 0.14238262910798122 0.5892916666666667 0.2818661971830986 0.518375
1 0.7768309859154929 0.5075833333333333 0.07085680751173709 0.24247916666666666
1 0.8635446009389671 0.4919791666666667 0.06857981220657276 0.20927083333333335
2 0.12690140845070422 0.3791041666666667 0.05117370892018779 0.09454166666666668
2 0.5534741784037559 0.3940416666666666 0.037230046948356806 0.05733333333333333
2 0.6561267605633803 0.391125 0.02463615023474178 0.04566666666666667
2 0.7741784037558685 0.4061875 0.022758215962441316 0.0385
1 0.9819366197183099 0.4795416666666667 0.03612676056338028 0.14185416666666667
2 0.8611150234741783 0.4031875 0.016807511737089203 0.03264583333333333
2 0.676924882629108 0.43012500000000004 0.018791079812206575 0.03191666666666667