1 0.7086150234741784 0.5218541666666667 0.11130281690140845 0.2845416666666667
1 0.8855399061032864 0.5675208333333334 0.16825117370892018 0.3774375
1 0.3511966511406043 0.351245632542437 0.34482906890235066 0.3686340301930527 0.3472781389939867 0.3895001073737916 0.33699204460911547 0.4094967646719996 0.32964483433420744 0.4573148582111928 0.3252365081692626 0.4720949962142161 0.3071133894911561 0.46861731668409295 0.3017254352895568 0.47644209562686995 0.3076032035094832 0.49817759269013967 0.2987865511795936 0.5233907692835325 0.2982967371612664 0.5468651061118636 0.3027050633262113 0.5512122055245176 0.3071133894911561 0.5433874265817404 0.3076032035094833 0.5790336417655026 0.31641985583937293 0.5972914592986491 0.32964483433420744 0.6051162382414261 0.3428698128290419 0.5946831996510568 0.3462985109573323 0.5842501610606874 0.3565846053422035 0.5764253821179103 0.3771567941119461 0.5833807411781565 0.3840141903685269 0.5781642218829718 0.38205493429521814 0.5677311832926024 0.3751975380386373 0.572947702587787 0.3712790258920196 0.5703394429401948 0.3712790258920196 0.5486039458769252 0.3619725595438028 0.529476708461248 0.36246237356213 0.5094800511630398 0.38793270251514456 0.512957730693163 0.415852101559795 0.5173048301058168 0.42809745201797517 0.5112188909281014 0.40458637913826945 0.47818093539193157 0.39821879690001577 0.4634007973889082 0.40654563521157827 0.46253137750637746 0.40948451932154145 0.4520983389160081 0.40507619315659665 0.4512289190334773 0.40115768100997895 0.44166530032563867 0.4070354492299055 0.4355793611479231 0.4075252632482327 0.4164521237322459 0.3996882389549974 0.419929803262369 0.39625954082670695 0.43384052138286155 0.3825447483135453 0.4286240020876768 0.3673605137454021 0.39297778690391466 0.37127902589201967 0.3686340301930527 0.36246237356213007 0.3486373728948447
2 0.35975352112676057 0.37375 0.026044600938967138 0.043375000000000004
1 0.4199519892630008 0.7273514179141569 0.42809322330364047 0.7080838306846429 0.42605791479348054 0.759865471363962 0.4382697658544402 0.7923795248137669 0.457265978615933 0.8056259910340579 0.4776190637175324 0.7984006458229901 0.48983091477849194 0.7803372827953207 0.4993290211592384 0.7743161617860975 0.5427489360426504 0.7682950407768743 0.5997375743271287 0.7634781439694956 0.6146631700683015 0.7791330585934759 0.6316240743196344 0.7719077133824082 0.6512987232511804 0.7418021083362923 0.6560477764415537 0.6912246918588179 0.6512987232511804 0.6490768447942558 0.6323025104896878 0.6274008091610526 0.6343378189998478 0.609337446133383 0.6166984785784616 0.5587600296559087 0.611270989218035 0.5262459762061036 0.6166984785784616 0.5214290793987251 0.6207690955987815 0.4913234743526093 0.6099141168779284 0.4816896807378523 0.6044866275175019 0.5057741647747449 0.5922747764565424 0.4973445953618325 0.5834551062458493 0.502161492169211 0.5888825956062758 0.4612178693064935 0.5759923083752627 0.4576051967009596 0.5726001275249962 0.4768727839304737 0.567851074334623 0.4600136451046489 0.5563176594437167 0.4576051967009596 0.5583529679538767 0.41907002224193146 0.5542823509335567 0.39498553820503884 0.5413920637025438 0.3817390719847479 0.5217174147709978 0.38414752038843714 0.5142546169004113 0.3973939866087281 0.5108624360501447 0.42509114325115466 0.5101839998800914 0.43352071266406705 0.49797214881913177 0.4479714030862026 0.489830914778492 0.46483054191202744 0.491866223288652 0.48168968073785223 0.4864387339282255 0.5358797698208606 0.4844034254180655 0.580436065289112 0.4674425211667327 0.5780276168854227 0.43352071266406705 0.5683938232706657 0.42945009564374714 0.5768233926835781 0.42605791479348054 0.5960909799130921 0.4362344573442803 0.622583912353674 0.42198729777316074 0.6695486562256147 0.424701042453374 0.677978225638527 0.40977544671220106 0.7092880548864874 0.4057048296918811 0.7297598663178462
1 0.4087391824472735 0.707695927589899 0.3959138056446987 0.6859206682794405 0.3903375548609706 0.6601862709125351 0.389222304704225 0.6166357522916182 0.38308842884212396 0.6087174761787243 0.3914528050177162 0.5829830788118188 0.3814155536070055 0.5810035097835954 0.3719359272746676 0.5691260956142545 0.3719359272746677 0.5226062234510024 0.3847613040772424 0.5166675163663318 0.4143154332310017 0.5166675163663318 0.44833056301174334 0.4859841964288677 0.4572525642657083 0.42659712558216284 0.46784744075479184 0.4147197114128219 0.4695203159899103 0.4038320817575927 0.4667321905980462 0.39294445210236356 0.4689626909115374 0.35533264056611713 0.48346094294923064 0.3573122095943406 0.5001896953004151 0.3731487618201285 0.5029778206922793 0.3879955295318048 0.49238294420319567 0.4246175565539394 0.48736431849784034 0.4285766946103864 0.4957286946734326 0.4503519539208448 0.4912676940464501 0.47113742871719144 0.494613444516687 0.4840046274006442 0.49238294420319567 0.4919229035135382 0.4862490683410947 0.48004548934419716 0.4856914432627219 0.5067696712252143 0.4901524438897044 0.5136981628239965 0.48847956865458597 0.5414121292191255 0.4862490683410947 0.5829830788118188 0.464501690284555 0.5819932942977071 0.43717806144428695 0.5711056646424778 0.4299289354254404 0.5760545872130366 0.42769843511194916 0.597829846523495 0.4394085617577783 0.6225744593762887 0.43885093667940545 0.6314825200032944 0.43438993605242293 0.6304927354891826 0.42379505956333946 0.6690943315395408 0.42714081003357635 0.6770126076524348
2 0.4190962441314554 0.3782083333333333 0.02495305164319249 0.0399375
2 0.48312206572769956 0.3913125 0.034612676056338026 0.06864583333333334
2 0.7123826291079812 0.4021458333333333 0.030434272300469484 0.04608333333333334
2 0.5354577464788732 0.42441666666666666 0.04597417840375587 0.08485416666666666
2 0.8729342723004695 0.4130625 0.03433098591549296 0.06516666666666666
2 0.9113028169014084 0.40650000000000003 0.01865023474178404 0.03247916666666666
2 0.9327699530516432 0.4048333333333333 0.016784037558685447 0.026916666666666665
2 0.8971478873239437 0.43935416666666666 0.02193661971830986 0.04839583333333333