1 0.23539906103286384 0.63 0.33604460093896715 0.5780416666666667
1 0.6363615023474177 0.4797083333333333 0.08293427230046949 0.22122916666666667
1 0.7886267605633802 0.497125 0.08089201877934273 0.23716666666666666
1 0.9269014084507042 0.47050000000000003 0.06231220657276996 0.16418750000000001
2 0.1633568075117371 0.39577083333333335 0.06643192488262911 0.10985416666666666
2 0.2470892018779343 0.38608333333333333 0.06097417840375587 0.09045833333333334
2 0.38633802816901414 0.38043750000000004 0.0336737089201878 0.059770833333333336
1 0.4077230046948357 0.5233958333333333 0.14015258215962442 0.34570833333333334
1 0.9822300469483568 0.4679375 0.03553990610328639 0.14741666666666667
1 0.8635446009389671 0.4811875 0.06595070422535211 0.1978125
2 0.6346713615023474 0.38608333333333333 0.0210093896713615 0.03502083333333333
2 0.7885093896713614 0.3985416666666667 0.02097417840375587 0.036562500000000005
2 0.8632276995305165 0.3997083333333334 0.01788732394366197 0.034229166666666665
2 0.830469483568075 0.3950416666666667 0.016807511737089203 0.034229166666666665
2 0.8842136150234742 0.40029166666666666 0.015363849765258215 0.025291666666666667
2 0.920868544600939 0.40029166666666666 0.012183098591549297 0.02372916666666667
2 0.9323356807511738 0.40502083333333333 0.013685446009389672 0.029666666666666668
2 0.9933215962441314 0.40841666666666665 0.01335680751173709 0.0270625
2 0.4354929577464789 0.3962291666666667 0.022394366197183095 0.03960416666666667
2 0.4492136150234742 0.3826875 0.020774647887323944 0.043770833333333335
2 0.278650234741784 0.386375 0.01915492957746479 0.03239583333333333