1 0.7114553990610328 0.592375 0.20541079812206572 0.4507291666666667
1 0.5573356807511738 0.4887916666666667 0.12897887323943663 0.31647916666666664
1 0.13507042253521126 0.46175 0.1618075117370892 0.27799999999999997
2 0.7205046948356808 0.4058333333333334 0.04613849765258216 0.07225
1 0.8398239436619718 0.4418958333333334 0.06333333333333334 0.16135416666666666
1 0.9081455399061032 0.4497083333333334 0.07213615023474179 0.16447916666666668
1 0.6618309859154929 0.41170833333333334 0.045152582159624415 0.11970833333333333
2 0.5531220657276995 0.35902083333333334 0.02992957746478873 0.04945833333333333
1 0.03774647887323943 0.45337500000000003 0.07362676056338027 0.23881249999999998
2 0.03157276995305164 0.35558333333333336 0.02550469483568075 0.04466666666666667
2 0.0974413145539906 0.35539583333333336 0.023262910798122066 0.041375
2 0.12225352112676056 0.3495625 0.026032863849765258 0.0530625
2 0.8376291079812206 0.3753125 0.015903755868544603 0.029416666666666664