1 0.18370892018779345 0.49575 0.18950704225352114 0.2877916666666666
0 0.6188615023474178 0.6225208333333333 0.23184272300469483 0.5395208333333333
1 0.46449530516431925 0.5187708333333333 0.14421361502347418 0.29952083333333335
1 0.3586619718309859 0.4799583333333333 0.11400234741784036 0.24358333333333335
1 0.9122417840375587 0.4975625 0.057711267605633804 0.19758333333333333
2 0.18530516431924882 0.37654166666666666 0.032194835680751176 0.05275
2 0.44407276995305167 0.3985208333333333 0.03136150234741784 0.05275
2 0.3664906103286385 0.383125 0.023110328638497653 0.042479166666666665
2 0.1563732394366197 0.38485416666666666 0.02393192488262911 0.036229166666666666
2 0.46273474178403756 0.3920208333333333 0.02488262910798122 0.05347916666666667
2 0.9104107981220657 0.4165625 0.01686619718309859 0.034124999999999996
3 0.6467957746478874 0.39462499999999995 0.03803990610328638 0.08327083333333334
2 0.4994835680751174 0.38325000000000004 0.016384976525821597 0.0390625
2 0.5176056338028169 0.3874791666666667 0.020692488262910796 0.03829166666666666