1 0.2904342723004695 0.46675 0.12041079812206573 0.24960416666666668
1 0.6301173708920188 0.4920833333333333 0.10417840375586855 0.2669166666666667
1 0.1417018779342723 0.5703958333333333 0.26473004694835683 0.4902916666666667
1 0.7618075117370892 0.5712708333333333 0.17488262910798122 0.41379166666666667
2 0.14372065727699532 0.36631250000000004 0.04563380281690141 0.08302083333333334
2 0.28611502347417844 0.36772916666666666 0.0268075117370892 0.04622916666666667
2 0.6343661971830986 0.38606250000000003 0.028673708920187793 0.05414583333333333
2 0.7729225352112675 0.39825 0.037887323943661975 0.07037500000000001
2 0.8467605633802817 0.3917083333333334 0.01931924882629108 0.0299375
1 0.8475352112676057 0.4699375 0.06253521126760564 0.18545833333333334
1 0.9783333333333333 0.4398958333333333 0.043333333333333335 0.12479166666666666
2 0.018262910798122065 0.36522916666666666 0.031713615023474175 0.06735416666666666
2 0.04323943661971831 0.36904166666666666 0.027077464788732394 0.05485416666666666