1 0.35950704225352115 0.6030208333333333 0.2878521126760563 0.4653958333333333
1 0.7640845070422535 0.5851875 0.19491784037558685 0.40502083333333333
2 0.3617488262910798 0.41939583333333336 0.05330985915492958 0.09166666666666666
2 0.32031690140845076 0.37227083333333333 0.025152582159624414 0.04310416666666667
1 0.6611854460093897 0.524875 0.11320422535211268 0.29897916666666663
2 0.6715140845070422 0.40229166666666666 0.030821596244131458 0.05164583333333333
2 0.7478755868544602 0.419125 0.04137323943661972 0.07291666666666667
1 0.8862910798122066 0.49314583333333334 0.0864906103286385 0.20522916666666668
2 0.9046948356807512 0.4071666666666667 0.017089201877934272 0.03189583333333333
2 0.9251173708920188 0.40579166666666666 0.015892018779342723 0.029145833333333333
2 0.773755868544601 0.44556250000000003 0.03323943661971831 0.062625
1 0.9745657276995305 0.47222916666666664 0.050868544600938974 0.15485416666666665
2 0.9850586854460094 0.4071875 0.014049295774647887 0.023854166666666666