1 0.3826173708920188 0.5257916666666667 0.18449530516431925 0.3524583333333334
1 0.8658215962441314 0.5730000000000001 0.17376760563380284 0.391125
1 0.7420187793427231 0.49083333333333334 0.07582159624413144 0.23720833333333333
2 0.3886619718309859 0.3839375 0.037664319248826295 0.0685625
2 0.8584272300469483 0.4116666666666667 0.043861502347417834 0.070625
1 0.9765140845070422 0.4562708333333333 0.046971830985915494 0.15935416666666666
2 0.7411267605633803 0.391875 0.021678403755868544 0.0376875
2 0.9845892018779343 0.389625 0.016232394366197184 0.026229166666666668
1 0.9414788732394366 0.4415833333333333 0.04429577464788732 0.13977083333333334
2 0.8925469483568076 0.38885416666666667 0.015504694835680751 0.025104166666666667
2 0.949612676056338 0.38385416666666666 0.014483568075117371 0.022791666666666665