1 0.22895539906103285 0.6655625000000001 0.37174882629107986 0.6688541666666666
1 0.49686619718309855 0.5119374999999999 0.14888497652582158 0.3106875
1 0.7810093896713615 0.48062499999999997 0.07383802816901408 0.2123125
2 0.23671361502347418 0.38662500000000005 0.0592018779342723 0.11258333333333333
2 0.49980046948356804 0.38714583333333336 0.03325117370892019 0.06597916666666667
1 0.9174061032863849 0.44475 0.04470657276995305 0.13899999999999998
1 0.0531924882629108 0.4845416666666667 0.10535211267605635 0.2994583333333333
2 0.7824765258215962 0.39158333333333334 0.019483568075117374 0.035562500000000004
1 0.9752816901408451 0.4425208333333333 0.04944835680751174 0.13760416666666667
2 0.9818192488262911 0.3862083333333333 0.012100938967136151 0.024979166666666667
2 0.9242488262910799 0.3905208333333333 0.014014084507042253 0.024562499999999998