1 0.646338028169014 0.6113333333333333 0.22482394366197184 0.44175
1 0.3640610328638498 0.4419375 0.08355633802816902 0.17466666666666666
2 0.6526173708920188 0.42864583333333334 0.042852112676056334 0.07764583333333334
1 0.575868544600939 0.5115833333333334 0.08902582159624413 0.2934791666666667
2 0.5914671361502347 0.3937916666666667 0.027676056338028165 0.05545833333333334
1 0.8045657276995305 0.46972916666666664 0.051443661971830985 0.1983125
1 0.8941197183098591 0.46827083333333336 0.05624413145539906 0.20124999999999998
2 0.3595539906103286 0.3718125 0.01732394366197183 0.03275
2 0.8923239436619719 0.3863958333333333 0.017605633802816902 0.03208333333333333
2 0.8042488262910799 0.38864583333333336 0.01865023474178404 0.034708333333333334
1 0.9324882629107981 0.4557291666666667 0.0509037558685446 0.17129166666666668
2 0.9307511737089202 0.3873333333333333 0.01580985915492958 0.03210416666666667
1 0.8436150234741784 0.4547083333333333 0.04908450704225352 0.16372916666666668
2 0.8457746478873239 0.3858958333333333 0.01443661971830986 0.026145833333333333
1 0.9865610328638497 0.44145833333333334 0.02688967136150235 0.12577083333333333