1 0.13248826291079813 0.5381041666666667 0.2512558685446009 0.42550000000000004
1 0.624612676056338 0.6000624999999999 0.22057511737089203 0.4579375
1 0.4748591549295774 0.5037916666666666 0.13910798122065726 0.31818749999999996
1 0.8497417840375587 0.46304166666666663 0.0719131455399061 0.19666666666666668
2 0.1318075117370892 0.36824999999999997 0.04572769953051643 0.07997916666666667
2 0.6353521126760564 0.4157083333333333 0.045176056338028174 0.08664583333333334
2 0.09717136150234743 0.36016666666666663 0.029448356807511736 0.05585416666666666
2 0.3681220657276995 0.3687916666666667 0.026126760563380282 0.04754166666666667
2 0.4135446009389671 0.35839583333333336 0.01897887323943662 0.034770833333333334
2 0.481244131455399 0.37579166666666663 0.026455399061032864 0.052375
2 0.5355046948356808 0.36704166666666665 0.02051643192488263 0.037333333333333336
2 0.8503051643192489 0.38247916666666665 0.0175 0.03283333333333333
1 0.5754929577464789 0.4572291666666667 0.08410798122065727 0.20822916666666666
2 0.5827230046948357 0.3720208333333333 0.017453051643192486 0.034499999999999996