1 0.5799647887323943 0.5105208333333333 0.1281924882629108 0.2981666666666667
1 0.318943661971831 0.5757708333333333 0.21265258215962443 0.42606249999999996
1 0.7473004694835681 0.49454166666666666 0.08690140845070424 0.26027083333333334
1 0.8449530516431925 0.46166666666666667 0.05683098591549296 0.16160416666666666
1 0.9203521126760563 0.4637291666666667 0.049870892018779346 0.17189583333333333
1 0.9804694835680752 0.4565208333333333 0.039061032863849765 0.14720833333333333
2 0.31429577464788727 0.39797916666666666 0.03697183098591549 0.0698125
2 0.5843544600938967 0.3880208333333333 0.03023474178403756 0.0534375
1 0.6906455399061032 0.46610416666666665 0.06286384976525822 0.20889583333333334
2 0.7061619718309858 0.3814791666666667 0.02253521126760563 0.03841666666666667
2 0.7450352112676056 0.385 0.026068075117370894 0.04077083333333333
2 0.9020305164319249 0.39077083333333335 0.014366197183098593 0.024541666666666666
2 0.921255868544601 0.392 0.016596244131455398 0.02802083333333333
2 0.9882276995305165 0.3958333333333333 0.013274647887323944 0.02354166666666667
2 0.7841197183098592 0.38397916666666665 0.020375586854460094 0.0418125
2 0.833568075117371 0.39225 0.013333333333333332 0.021895833333333333
2 0.8451408450704224 0.39689583333333334 0.012981220657276997 0.019375