1 0.12237089201877935 0.5380833333333332 0.2447300469483568 0.41770833333333335
1 0.40211267605633805 0.5296458333333333 0.1776643192488263 0.38985416666666667
1 0.6457629107981221 0.46397916666666666 0.09803990610328639 0.23658333333333334
2 0.09953051643192488 0.37097916666666664 0.051021126760563376 0.07870833333333334
2 0.40362676056338026 0.3685625 0.036455399061032866 0.066
1 0.529131455399061 0.4938125 0.13045774647887326 0.2992708333333333
2 0.5164671361502348 0.3725 0.02886150234741784 0.05441666666666667
2 0.14903755868544602 0.37345833333333334 0.02971830985915493 0.05483333333333333
1 0.2961737089201878 0.44429166666666664 0.10174882629107981 0.20477083333333335
2 0.29934272300469483 0.361 0.0192018779342723 0.03747916666666666
2 0.6009859154929577 0.364375 0.02016431924882629 0.03820833333333333
2 0.6272417840375587 0.3660625 0.023110328638497653 0.043187500000000004
2 0.6422769953051644 0.37914583333333335 0.021338028169014082 0.03795833333333333
2 0.6634037558685446 0.37064583333333334 0.018016431924882628 0.0319375
1 0.7851760563380282 0.4563125 0.06651408450704226 0.19104166666666667
1 0.8660446009389672 0.450375 0.0604225352112676 0.17270833333333335
1 0.9242605633802817 0.4385 0.0546244131455399 0.14247916666666666
1 0.9634037558685447 0.42216666666666663 0.03713615023474178 0.1146875
2 0.7907981220657276 0.37885416666666666 0.01757042253521127 0.03291666666666667
2 0.8225586854460094 0.38025000000000003 0.01352112676056338 0.029
2 0.8071244131455398 0.3862083333333333 0.01556338028169014 0.030708333333333334
2 0.8687558685446009 0.3797083333333333 0.016267605633802817 0.03177083333333333
2 0.846349765258216 0.37875000000000003 0.013990610328638497 0.028583333333333336
2 0.9296596244131456 0.381 0.012652582159624412 0.024104166666666666
2 0.961830985915493 0.37474999999999997 0.008967136150234742 0.018416666666666668