1 0.10841549295774648 0.5246041666666666 0.21492957746478875 0.36514583333333334
1 0.3546478873239437 0.5738125000000001 0.21260563380281688 0.405
1 0.9037206572769954 0.5263958333333333 0.12982394366197184 0.2720208333333333
2 0.112981220657277 0.37472916666666667 0.03854460093896714 0.06466666666666666
2 0.34926056338028166 0.4086458333333333 0.038626760563380276 0.07275000000000001
1 0.5168309859154929 0.4671458333333333 0.08678403755868544 0.20789583333333334
2 0.5198239436619718 0.38385416666666666 0.019460093896713614 0.03808333333333334
2 0.9120070422535211 0.41454166666666664 0.025669014084507044 0.05183333333333333
1 0.8305449766095497 0.3839821891859964 0.8294412623549191 0.41532767401750637 0.8161966912993514 0.4251231380273532 0.806815120134991 0.4574481692598478 0.811781834280829 0.46822317967067933 0.8112299771535136 0.4829163756854496 0.8051595487530451 0.4878141076903731 0.8057114058803604 0.5299346029327145 0.7985372632252614 0.5407096133435461 0.8024002631164685 0.5681369125711171 0.8106781200261982 0.6190733254223209 0.8255782624637117 0.6200528718233055 0.8310968337368649 0.5896869333927803 0.8421339762831713 0.5857687477888416 0.8366154050100182 0.5779323765809641 0.8443414047924326 0.5603005413632398 0.8426858334104865 0.5240573245268064 0.8393746906465946 0.5123027677149902 0.8509636903202163 0.506425489309082 0.8647601185030991 0.5103436749130208 0.8592415472299462 0.4878141076903731 0.8724861182855135 0.4643049940667406 0.8769009753040361 0.4613663548637865 0.8735898325401443 0.44863225165098564 0.8620008328665226 0.44863225165098564 0.8509636903202162 0.4241435916263685 0.8515155474475317 0.38398218918599647
2 0.8405633802816901 0.403125 0.020281690140845073 0.037187500000000005
2 0.9325352112676056 0.4080625 0.016173708920187792 0.029229166666666664