1 0.13434272300469483 0.5789166666666666 0.26868544600938965 0.43535416666666665
1 0.5222300469483568 0.5112708333333333 0.11998826291079813 0.27949999999999997
1 0.7164553990610328 0.4775625 0.07728873239436619 0.20297916666666668
1 0.8370422535211267 0.4935833333333333 0.07267605633802818 0.19022916666666667
1 0.9383802816901409 0.4877083333333333 0.04991784037558686 0.16449999999999998
2 0.13712441314553991 0.40120833333333333 0.05402582159624413 0.07647916666666667
2 0.5190845070422535 0.3936041666666667 0.024460093896713615 0.04283333333333333
2 0.7121830985915493 0.39216666666666666 0.016502347417840377 0.03179166666666667
2 0.8350234741784038 0.411875 0.01620892018779343 0.024708333333333332
2 0.941338028169014 0.4186875 0.015892018779342723 0.02775
1 0.9810798122065728 0.4756458333333333 0.03782863849765258 0.1498125
2 0.9947065727699531 0.4122708333333333 0.010586854460093897 0.019979166666666666
2 0.9554225352112676 0.4174375 0.012629107981220657 0.02383333333333333