2 0.36883802816901406 0.6861041666666666 0.33234741784037564 0.6277708333333333
1 0.6625000000000001 0.5003958333333334 0.08960093896713615 0.23258333333333334
1 0.8891431924882629 0.49133333333333334 0.06586854460093897 0.17397916666666668
1 0.7993427230046948 0.47585416666666663 0.06312206572769953 0.18264583333333334
1 0.9780399061032864 0.4852916666666667 0.04392018779342723 0.15222916666666667
2 0.3933215962441315 0.43154166666666666 0.06224178403755869 0.11850000000000001
1 0.29981220657276997 0.5033125 0.12620892018779342 0.2626875
2 0.2893544600938967 0.40591666666666665 0.03112676056338028 0.06564583333333333
2 0.32002347417840377 0.40110416666666665 0.03022300469483568 0.05283333333333333
1 0.46964788732394364 0.5260416666666666 0.10375586854460095 0.299625
2 0.44609154929577466 0.4079166666666667 0.035187793427230045 0.06164583333333333
1 0.0645774647887324 0.5007083333333333 0.12786384976525822 0.26241666666666663
2 0.6602582159624413 0.400875 0.019507042253521126 0.034895833333333334
2 0.7976056338028168 0.4015416666666667 0.015997652582159624 0.03175
2 0.8887676056338029 0.4168125 0.014507042253521125 0.025270833333333336
2 0.9895422535211268 0.42510416666666667 0.01397887323943662 0.02814583333333333
2 0.019178403755868545 0.3936458333333333 0.033215962441314556 0.04833333333333333