1 0.2265962441314554 0.6695 0.4123356807511737 0.6609999999999999
1 0.5029225352112676 0.5113958333333334 0.12921361502347417 0.34295833333333337
1 0.6207276995305164 0.4873333333333333 0.10748826291079812 0.2745625
1 0.8205164319248827 0.45364583333333336 0.06746478873239437 0.18085416666666668
1 0.8999413145539906 0.449 0.06171361502347417 0.16470833333333335
2 0.1622887323943662 0.39941666666666664 0.0742488262910798 0.12270833333333334
2 0.22339201877934273 0.42589583333333336 0.06767605633802816 0.11789583333333334
2 0.2846596244131455 0.3768125 0.03730046948356808 0.06847916666666666
2 0.5029460093896714 0.3703541666666667 0.034401408450704225 0.06216666666666667
3 0.07990610328638498 0.3766666666666667 0.049002347417840375 0.08570833333333333
1 0.3792253521126761 0.43533333333333335 0.086056338028169 0.18297916666666666
2 0.3678169014084507 0.3622916666666667 0.017030516431924884 0.0366875
2 0.6102816901408451 0.37575000000000003 0.021901408450704225 0.04745833333333334
1 0.6990023474178403 0.4592916666666667 0.0820774647887324 0.22208333333333333
2 0.6614671361502348 0.3671666666666667 0.01505868544600939 0.0323125
2 0.6788145539906103 0.3690208333333333 0.02131455399061033 0.039375
2 0.8242723004694835 0.3797083333333333 0.015575117370892018 0.03025
2 0.9050586854460094 0.38258333333333333 0.017593896713615022 0.029354166666666667
1 0.9561032863849765 0.4358333333333333 0.057300469483568074 0.1334375
2 0.8442957746478874 0.38683333333333336 0.01369718309859155 0.02814583333333333
2 0.8589553990610329 0.382125 0.014366197183098593 0.02783333333333333
2 0.7068427230046949 0.37289583333333337 0.015938967136150235 0.029354166666666667
3 0.5520892018779343 0.3639791666666667 0.013251173708920186 0.02783333333333333