1 0.2008920187793427 0.6636666666666666 0.4017840375586854 0.6726458333333334
1 0.92981220657277 0.5417500000000001 0.14037558685446008 0.34945833333333337
1 0.6823591549295774 0.4843125 0.09734741784037558 0.25022916666666667
2 0.163075117370892 0.3453541666666667 0.041279342723004694 0.06377083333333333
2 0.21636150234741786 0.38664583333333336 0.07158450704225353 0.11566666666666667
1 0.3320774647887324 0.5162916666666667 0.13066901408450704 0.37262500000000004
2 0.2986267605633803 0.37104166666666666 0.036772300469483564 0.06979166666666667
2 0.6863732394366197 0.3829791666666667 0.023438967136150235 0.04908333333333333
1 0.38700704225352117 0.4538125 0.09765258215962441 0.20985416666666667
1 0.8767488262910799 0.4629583333333333 0.05596244131455399 0.17460416666666667
2 0.9427816901408451 0.39597916666666666 0.03266431924882629 0.0545625
2 0.8768427230046949 0.39085416666666667 0.017030516431924884 0.030416666666666665
2 0.3847417840375587 0.37022916666666666 0.019870892018779344 0.0394375
1 0.05022300469483568 0.4784791666666666 0.09980046948356808 0.29139583333333335
2 0.014119718309859154 0.3629583333333333 0.028239436619718308 0.06277083333333333