1 0.16342723004694837 0.5392291666666666 0.21293427230046946 0.37881250000000005
1 0.49665492957746477 0.49297916666666663 0.11849765258215962 0.2689166666666667
1 0.6758098591549295 0.5183541666666667 0.10685446009389672 0.2856666666666667
1 0.8533802816901409 0.4795833333333333 0.06415492957746478 0.18358333333333335
1 0.7645774647887323 0.4905416666666667 0.08453051643192488 0.23352083333333334
1 0.9378051643192488 0.478 0.060528169014084504 0.17158333333333334
2 0.11367370892018779 0.3859166666666667 0.041291079812206574 0.06493750000000001
2 0.1706338028169014 0.39795833333333336 0.03815727699530516 0.06493750000000001
1 0.2409037558685446 0.4851875 0.11327464788732396 0.27560416666666665
2 0.21035211267605633 0.37385416666666665 0.030833333333333334 0.051958333333333336
2 0.4961150234741784 0.3812291666666667 0.02433098591549296 0.0445
2 0.6799178403755868 0.39975 0.026760563380281693 0.04566666666666667
2 0.7566549295774647 0.39768749999999997 0.0259037558685446 0.042854166666666665
2 0.8546948356807512 0.40395833333333336 0.017077464788732396 0.030312500000000003
2 0.936842723004695 0.40970833333333334 0.020023474178403753 0.03135416666666667
1 0.04019953051643192 0.46758333333333335 0.08039906103286384 0.23214583333333336
2 0.05541079812206573 0.3838125 0.024377934272300467 0.04320833333333333
2 0.7241197183098592 0.391 0.019014084507042252 0.033229166666666664
2 0.804706572769953 0.3999583333333333 0.01572769953051643 0.035270833333333335
3 0.0294131455399061 0.36989583333333337 0.020528169014084507 0.035729166666666666