1 0.361924882629108 0.5331041666666666 0.18487089201877932 0.36933333333333335
1 0.5720422535211268 0.5094375 0.12776995305164318 0.27131249999999996
1 0.7706807511737089 0.5025833333333334 0.07609154929577465 0.23310416666666667
1 0.6969366197183098 0.48652083333333335 0.07799295774647888 0.21560416666666665
1 0.09920187793427229 0.6017083333333333 0.19839201877934273 0.5203333333333333
1 0.908650234741784 0.48200000000000004 0.06475352112676057 0.185375
2 0.031314553990610325 0.38866666666666666 0.06110328638497653 0.09572916666666667
2 0.3406455399061033 0.39179166666666665 0.03666666666666667 0.06508333333333333
2 0.5719600938967137 0.39760416666666665 0.02424882629107981 0.04689583333333334
2 0.3761737089201878 0.3789166666666667 0.02732394366197183 0.049937499999999996
2 0.5993544600938967 0.3928333333333333 0.018732394366197183 0.03920833333333333
2 0.6921830985915494 0.39872916666666663 0.018438967136150237 0.03764583333333334
2 0.7602112676056338 0.4046666666666667 0.01853286384976526 0.035166666666666666
2 0.7753286384976527 0.41024999999999995 0.013744131455399062 0.0399375
1 0.8187676056338029 0.4751666666666667 0.04827464788732395 0.16810416666666667
2 0.8146830985915493 0.40725 0.01528169014084507 0.030000000000000002
1 0.9700704225352113 0.5568958333333334 0.05985915492957746 0.3155208333333333
2 0.9070657276995305 0.4081458333333333 0.020856807511737088 0.035333333333333335
2 0.9886971830985916 0.4265833333333333 0.022605633802816903 0.05310416666666666