1 0.3541549295774648 0.5075416666666667 0.18329812206572768 0.37733333333333335
1 0.16422535211267605 0.6704791666666666 0.32843896713615023 0.6590416666666666
1 0.4728990610328639 0.44727083333333334 0.08922535211267606 0.19697916666666665
2 0.12194835680751175 0.4020208333333333 0.07660798122065728 0.12960416666666666
2 0.34895539906103284 0.35372916666666665 0.038626760563380276 0.06864583333333334
2 0.19652582159624413 0.31825 0.03309859154929577 0.05572916666666667
1 0.9784389671361502 0.44527083333333334 0.04311032863849765 0.15195833333333333
1 0.8662910798122067 0.45416666666666666 0.08315727699530516 0.17602083333333332
1 0.712406103286385 0.46947916666666667 0.0927699530516432 0.20818750000000003
1 0.7819483568075117 0.4437083333333333 0.06564553990610329 0.1739375
1 0.6579107981220657 0.41283333333333333 0.040269953051643194 0.1189375
2 0.7810563380281691 0.37262500000000004 0.01624413145539906 0.03289583333333333
2 0.714518779342723 0.38016666666666665 0.02096244131455399 0.03264583333333333
2 0.8744600938967135 0.380625 0.015176056338028168 0.02802083333333333
2 0.9019248826291081 0.3779583333333333 0.016607981220657278 0.0259375
2 0.6524882629107981 0.36337499999999995 0.010410798122065726 0.01991666666666667
2 0.47231220657276995 0.3642083333333333 0.018204225352112677 0.030604166666666665