1 0.48089201877934273 0.5394791666666666 0.14881455399061033 0.3344375
1 0.6205164319248826 0.4996041666666667 0.09342723004694835 0.21245833333333333
1 0.2644131455399061 0.5353958333333334 0.18583333333333335 0.3307291666666667
1 0.711056338028169 0.5101875 0.09278169014084507 0.2358125
1 0.8063028169014085 0.4884791666666667 0.0727112676056338 0.19020833333333334
1 0.9043427230046949 0.4745416666666667 0.04746478873239436 0.1564583333333333
1 0.9740610328638497 0.4855 0.05188967136150235 0.15308333333333335
2 0.26322769953051645 0.4001041666666667 0.03226525821596244 0.05985416666666667
1 0.3452112676056338 0.4969375 0.11230046948356809 0.27556250000000004
2 0.315962441314554 0.38558333333333333 0.031784037558685446 0.051291666666666666
2 0.48454225352112673 0.4026666666666667 0.031784037558685446 0.0615625
2 0.7147535211267606 0.4154791666666667 0.02715962441314554 0.04745833333333334
2 0.21860328638497653 0.3843958333333333 0.02322769953051643 0.044125
2 0.37348591549295773 0.4064166666666667 0.025586854460093896 0.0465
2 0.39985915492957746 0.40810416666666666 0.023661971830985916 0.045145833333333336
2 0.6041549295774647 0.41325 0.025269953051643194 0.042354166666666665
2 0.6219483568075117 0.41450000000000004 0.020586854460093895 0.03820833333333333
2 0.8033920187793427 0.4092291666666667 0.015821596244131455 0.030291666666666665
2 0.9024178403755869 0.40779166666666666 0.013086854460093897 0.025229166666666667
2 0.984507042253521 0.4214791666666667 0.014424882629107981 0.024083333333333335