1 0.19529342723004695 0.49922916666666667 0.19779342723004695 0.32891666666666663
1 0.42814553990610327 0.5690000000000001 0.2990023474178404 0.46845833333333337
1 0.6098122065727699 0.4799791666666666 0.10460093896713615 0.24702083333333333
1 0.7416549295774648 0.47460416666666666 0.0851643192488263 0.23908333333333334
2 0.1334037558685446 0.3733541666666667 0.03444835680751174 0.06127083333333334
2 0.1882981220657277 0.3667916666666667 0.03282863849765258 0.06170833333333334
2 0.4239084507042254 0.37737499999999996 0.04828638497652582 0.08852083333333334
1 0.913849765258216 0.4548333333333333 0.06714788732394367 0.17027083333333334
1 0.7957981220657276 0.4531041666666667 0.0661737089201878 0.1963125
1 0.5483920187793427 0.46331249999999996 0.06549295774647887 0.2223125
1 0.3434507042253521 0.46549999999999997 0.08119718309859156 0.2475625
2 0.3654694835680751 0.3640416666666667 0.025669014084507044 0.0459375
2 0.7419248826291079 0.373125 0.019847417840375588 0.036562500000000005
2 0.5583098591549296 0.37235416666666665 0.01927230046948357 0.0410625
1 0.7088849765258216 0.449625 0.04460093896713615 0.1716875
1 0.6735680751173709 0.43389583333333337 0.05818075117370892 0.16120833333333331
2 0.6635211267605634 0.36854166666666666 0.01426056338028169 0.032875
2 0.9173708920187794 0.3853958333333333 0.016103286384976528 0.030729166666666665
2 0.6162676056338028 0.3766041666666667 0.020269953051643193 0.04
2 0.6002464788732395 0.3625416666666667 0.01516431924882629 0.029583333333333333
2 0.7891901408450704 0.37002083333333335 0.02041079812206573 0.030708333333333334
2 0.7189671361502347 0.3765833333333333 0.014577464788732394 0.02645833333333333