1 0.704518779342723 0.47010416666666666 0.08800469483568076 0.25925
1 0.2351525821596244 0.44914583333333336 0.12264084507042253 0.2069375
1 0.36746478873239435 0.45195833333333335 0.1094131455399061 0.22814583333333335
2 0.7004342723004695 0.3643958333333333 0.02381455399061033 0.04054166666666667
1 0.8381924882629108 0.4540625 0.06602112676056338 0.1713333333333333
1 0.9007159624413145 0.43764583333333335 0.057018779342723 0.1438125
1 0.9549765258215962 0.44785416666666666 0.06751173708920188 0.15358333333333332
2 0.2357511737089202 0.3638125 0.0192018779342723 0.0359375
2 0.3584741784037559 0.35783333333333334 0.016490610328638498 0.03922916666666666
2 0.34119718309859154 0.3658958333333333 0.018732394366197183 0.033499999999999995
2 0.898849765258216 0.37866666666666665 0.014859154929577465 0.025458333333333336