1 0.8402230046948357 0.4592291666666667 0.07097417840375586 0.200125
1 0.6722769953051643 0.4793541666666667 0.09341549295774648 0.2467291666666667
1 0.4710093896713615 0.4921875 0.13178403755868545 0.28668750000000004
1 0.26954225352112676 0.46214583333333337 0.14029342723004695 0.24722916666666667
1 0.9133685446009391 0.45079166666666665 0.05836854460093897 0.18172916666666666
1 0.7535446009389671 0.4583333333333333 0.06788732394366198 0.19564583333333332
2 0.4720892018779343 0.3735 0.028133802816901407 0.04625
2 0.2587089201877934 0.3606875 0.025950704225352113 0.04064583333333334
2 0.670575117370892 0.3765833333333333 0.023967136150234745 0.04064583333333334
1 0.534530516431925 0.46139583333333334 0.09362676056338028 0.21560416666666665
2 0.5023591549295775 0.38177083333333334 0.02488262910798122 0.047875
2 0.5287206572769954 0.3741041666666666 0.020762910798122067 0.042791666666666665
1 0.6004929577464789 0.4538125 0.07532863849765259 0.19666666666666668
2 0.6028638497652582 0.3717916666666667 0.01814553990610329 0.033416666666666664
2 0.8408333333333333 0.3741875 0.018908450704225352 0.03191666666666667
2 0.7515023474178404 0.3781458333333333 0.01664319248826291 0.034583333333333334
1 0.8036502347417841 0.42920833333333336 0.032769953051643194 0.13254166666666667
2 0.5605985915492958 0.3717083333333333 0.01676056338028169 0.029437500000000002
2 0.9145892018779342 0.37385416666666665 0.013133802816901408 0.028270833333333335
2 0.8043544600938967 0.37474999999999997 0.013943661971830987 0.024645833333333332