1 0.12754694835680752 0.5369791666666667 0.25509389671361504 0.42845833333333333
1 0.4336150234741784 0.47731250000000003 0.1406924882629108 0.2896458333333333
1 0.6836502347417841 0.46952083333333333 0.07866197183098592 0.22489583333333335
2 0.024401408450704223 0.354625 0.029882629107981222 0.0525625
2 0.09934272300469484 0.36533333333333334 0.04238262910798122 0.07883333333333334
2 0.40208920187793423 0.3576666666666667 0.028955399061032866 0.04891666666666667
2 0.427112676056338 0.3759375 0.027992957746478874 0.04827083333333334
1 0.5207276995305165 0.4432916666666667 0.08559859154929578 0.1828125
1 0.7826760563380282 0.46145833333333336 0.06295774647887324 0.20266666666666666
1 0.9247300469483568 0.4471041666666667 0.05687793427230047 0.17024999999999998
1 0.8417253521126761 0.4437083333333333 0.06387323943661972 0.16220833333333334
1 0.26654929577464787 0.45597916666666666 0.10974178403755869 0.23637499999999997
3 0.25403755868544603 0.35870833333333335 0.016596244131455398 0.03847916666666666
2 0.3746009389671362 0.3579583333333333 0.02584507042253521 0.04954166666666667
2 0.5184037558685446 0.36804166666666666 0.019859154929577467 0.03277083333333333
2 0.6852464788732395 0.37616666666666665 0.019741784037558687 0.034854166666666665
2 0.7107159624413145 0.3759166666666667 0.015093896713615022 0.03254166666666666
2 0.7857981220657277 0.3759166666666667 0.01886150234741784 0.03254166666666666
2 0.9056220657276995 0.3809791666666667 0.01470657276995305 0.025395833333333333
2 0.9254460093896714 0.37635416666666666 0.01674882629107981 0.03183333333333333
2 0.8477464788732394 0.3774375 0.014002347417840375 0.027479166666666666
2 0.8757511737089202 0.37041666666666667 0.010727699530516433 0.019479166666666665