1 0.1569131455399061 0.603375 0.28764084507042254 0.5039583333333334
1 0.42571596244131454 0.528 0.1738262910798122 0.34802083333333333
1 0.6641901408450704 0.5061666666666667 0.11088028169014084 0.29912500000000003
2 0.14967136150234742 0.3993541666666667 0.046349765258215964 0.08570833333333333
2 0.43163145539906106 0.3839375 0.038626760563380276 0.06170833333333334
1 0.966056338028169 0.4620416666666667 0.053133802816901415 0.15752083333333333
1 0.8049530516431925 0.4655625 0.05765258215962441 0.17458333333333334
1 0.8897417840375587 0.4690625 0.058791079812206576 0.19364583333333335
2 0.6600117370892019 0.3815208333333333 0.02690140845070423 0.050395833333333334
2 0.7167370892018778 0.38185416666666666 0.026396713615023472 0.04685416666666666
2 0.8857511737089202 0.3895208333333333 0.01618544600938967 0.026312500000000003
2 0.9669835680751174 0.3973333333333333 0.014460093896713615 0.02745833333333333