1 0.20381455399061033 0.4957083333333333 0.19768779342723006 0.34450000000000003
1 0.5405399061032864 0.546625 0.1646361502347418 0.357375
1 0.7877464788732395 0.5131041666666667 0.08050469483568075 0.22052083333333333
2 0.19400234741784037 0.36035416666666664 0.04463615023474179 0.06552083333333333
1 0.8706924882629108 0.4955 0.053462441314553986 0.174875
1 0.9474530516431925 0.5009166666666667 0.04353286384976526 0.16404166666666667
2 0.5460915492957746 0.39518749999999997 0.033603286384976526 0.058291666666666665
2 0.7859154929577465 0.4222916666666666 0.021384976525821595 0.03660416666666667
2 0.062007042253521126 0.4330208333333333 0.04156103286384976 0.06966666666666667
2 0.016549295774647886 0.36333333333333334 0.03241784037558686 0.09704166666666666
2 0.8087676056338029 0.42875 0.016737089201877935 0.03325
2 0.8753286384976525 0.4243125 0.015481220657276995 0.026479166666666668
2 0.9074647887323943 0.42250000000000004 0.01568075117370892 0.028395833333333335
2 0.9320774647887324 0.42422916666666666 0.013333333333333332 0.024916666666666667
2 0.9479107981220657 0.4296875 0.01294600938967136 0.019208333333333334