1 0.34180751173708923 0.5177083333333333 0.1703286384976526 0.358875
1 0.5389671361502347 0.46925 0.12238262910798121 0.26195833333333335
1 0.7292605633802818 0.46208333333333335 0.069518779342723 0.20533333333333334
1 0.1521596244131455 0.5685208333333333 0.2824530516431925 0.5076666666666667
2 0.1506924882629108 0.35952083333333335 0.05091549295774648 0.09091666666666667
2 0.31796948356807514 0.36764583333333334 0.03584507042253521 0.06464583333333333
1 0.8163497652582159 0.4547916666666667 0.05584507042253521 0.18802083333333333
1 0.8777347417840377 0.4419791666666667 0.06666666666666667 0.14804166666666668
1 0.9531807511737089 0.4438958333333333 0.052793427230046944 0.15672916666666667
2 0.4836619718309859 0.36210416666666667 0.02252347417840376 0.04302083333333333
2 0.5170070422535211 0.362 0.02282863849765258 0.0470625
2 0.5353169014084507 0.3785208333333333 0.021561032863849767 0.043145833333333335
2 0.5857394366197183 0.3702708333333333 0.016654929577464787 0.03054166666666667
2 0.7332159624413146 0.3785 0.01897887323943662 0.036833333333333336
2 0.7612323943661973 0.37722916666666667 0.016455399061032862 0.0315625
2 0.9581338028169014 0.3802291666666667 0.016549295774647886 0.0275625
2 0.8199295774647888 0.3779791666666667 0.018697183098591547 0.0320625
2 0.8816549295774647 0.38197916666666665 0.012629107981220657 0.028083333333333335
3 0.3669953051643193 0.36135416666666664 0.011830985915492958 0.034979166666666665