1 0.2623943661971831 0.5083125000000001 0.15900234741784036 0.33075
1 0.5585211267605634 0.5235625 0.13118544600938967 0.27397916666666666
1 0.7451877934272301 0.5151875 0.08393192488262911 0.24595833333333333
1 0.8296713615023474 0.4953125 0.06532863849765258 0.20172916666666665
1 0.8820539906103286 0.48275 0.053485915492957746 0.16085416666666666
0 0.9476291079812207 0.48275 0.038896713615023476 0.16985416666666667
1 0.6730399061032863 0.49166666666666664 0.11269953051643192 0.21977083333333333
2 0.25104460093896713 0.3705416666666667 0.030363849765258216 0.057749999999999996
2 0.5509507042253522 0.40710416666666666 0.022875586854460093 0.042354166666666665
3 0.9524530516431925 0.41491666666666666 0.027734741784037557 0.0309375
2 0.7492370892018779 0.41152083333333334 0.020140845070422537 0.036708333333333336
2 0.6946830985915493 0.40685416666666663 0.015129107981220658 0.029833333333333333
2 0.8253638497652582 0.4086875 0.016971830985915495 0.028625
2 0.8747183098591549 0.4157083333333333 0.013990610328638497 0.026166666666666668