0 0.33989436619718305 0.5621458333333333 0.2087323943661972 0.4423541666666667
1 0.5515258215962441 0.5048541666666667 0.12967136150234743 0.2736041666666667
1 0.2532511737089202 0.5260416666666666 0.19741784037558685 0.38681249999999995
1 0.800962441314554 0.483125 0.06996478873239437 0.1930625
1 0.8902112676056338 0.4750833333333333 0.06665492957746479 0.15593749999999998
2 0.2187206572769953 0.373625 0.043485915492957744 0.07568749999999999
2 0.5516549295774648 0.3922708333333333 0.026866197183098593 0.04820833333333333
2 0.6020892018779342 0.39439583333333333 0.018485915492957746 0.03839583333333333
2 0.636150234741784 0.3920625 0.014084507042253521 0.03141666666666667
1 0.7539671361502347 0.46475000000000005 0.05026995305164319 0.169375
2 0.7508802816901409 0.396375 0.0142018779342723 0.029416666666666664
2 0.7659154929577464 0.400125 0.015046948356807512 0.03025
2 0.7989788732394366 0.4078541666666667 0.01762910798122066 0.030770833333333334
2 0.9017605633802817 0.4126458333333333 0.013004694835680751 0.028791666666666667
2 0.24166666666666667 0.3807291666666667 0.026549295774647888 0.06472916666666667
3 0.33005868544600936 0.38377083333333334 0.0564319248826291 0.076