1 0.13440140845070422 0.5611875000000001 0.26880281690140845 0.4512916666666667
1 0.4146009389671362 0.5224375 0.16881455399061035 0.3135833333333334
1 0.6892840375586854 0.5175416666666667 0.09969483568075117 0.2725208333333333
1 0.8103169014084507 0.5761875 0.16381455399061032 0.36647916666666663
2 0.09226525821596245 0.38535416666666666 0.04748826291079812 0.08429166666666667
1 0.2267018779342723 0.4884583333333333 0.17485915492957746 0.29620833333333335
2 0.21065727699530515 0.3708958333333333 0.034600938967136154 0.0578125
2 0.4179225352112676 0.3920625 0.02800469483568075 0.05320833333333333
2 0.7907511737089202 0.4295833333333333 0.03704225352112676 0.07204166666666666
1 0.6197887323943662 0.49593750000000003 0.06971830985915493 0.2400625
2 0.6236971830985916 0.3984583333333333 0.021690140845070423 0.03883333333333334
1 0.5143075117370892 0.489375 0.08754694835680751 0.239375
2 0.5038028169014085 0.3925 0.022300469483568074 0.045145833333333336
2 0.6769718309859155 0.40579166666666666 0.02073943661971831 0.044083333333333335
2 0.6936150234741785 0.4135 0.015974178403755868 0.04747916666666666
1 0.8797652582159624 0.48233333333333334 0.06151408450704225 0.18054166666666666
1 0.9710446009389672 0.4754583333333333 0.05791079812206573 0.13697916666666668
2 0.11604460093896714 0.3714791666666667 0.04163145539906103 0.07108333333333333
2 0.7681338028169015 0.40575 0.016561032863849766 0.024583333333333336
2 0.8448943661971832 0.40275 0.014342723004694836 0.026708333333333334
2 0.8775 0.40841666666666665 0.016220657276995305 0.03491666666666667
2 0.966056338028169 0.41933333333333334 0.014248826291079812 0.026604166666666665
2 0.8161384976525822 0.4473125 0.03333333333333333 0.06941666666666667