1 0.29725352112676057 0.535375 0.19339201877934273 0.3870625
1 0.4253755868544601 0.5763541666666666 0.20612676056338028 0.42943749999999997
1 0.6976525821596243 0.5231041666666667 0.1063849765258216 0.29312499999999997
1 0.8594483568075117 0.49922916666666667 0.06400234741784037 0.191875
1 0.9202699530516433 0.4860625 0.0568075117370892 0.1489791666666667
2 0.30434272300469484 0.37527083333333333 0.03981220657276995 0.07189583333333333
2 0.4268544600938967 0.39770833333333333 0.0426056338028169 0.0734375
2 0.340575117370892 0.43043750000000003 0.031244131455399064 0.04920833333333333
2 0.6941079812206573 0.3969583333333333 0.025821596244131457 0.04510416666666666
2 0.8565610328638498 0.41922916666666665 0.019061032863849765 0.029604166666666668
1 0.9782981220657276 0.48816666666666664 0.0434037558685446 0.14708333333333332
2 0.9267840375586854 0.42220833333333335 0.015434272300469483 0.02022916666666667
2 0.9880281690140844 0.4251875 0.013708920187793426 0.024291666666666666