1 0.15345070422535212 0.5012291666666667 0.22230046948356808 0.38008333333333333
1 0.36299295774647883 0.457625 0.11948356807511737 0.22670833333333332
1 0.5638615023474178 0.4828541666666667 0.1111737089201878 0.25310416666666663
1 0.7128990610328638 0.47274999999999995 0.07494131455399061 0.23260416666666667
1 0.8682981220657277 0.4549375 0.06508215962441315 0.19289583333333335
2 0.09390845070422536 0.34918750000000004 0.039284037558685446 0.07789583333333333
2 0.1385093896713615 0.3705 0.03692488262910798 0.06658333333333334
1 0.9441901408450705 0.4462083333333334 0.056126760563380285 0.1684166666666667
1 0.7842723004694836 0.4533125 0.061161971830985915 0.18856250000000002
2 0.356349765258216 0.3667708333333334 0.0239906103286385 0.042687499999999996
1 0.654706572769953 0.44729166666666664 0.06307511737089203 0.1860625
2 0.563368544600939 0.37677083333333333 0.022406103286384975 0.041229166666666664
2 0.5965023474178404 0.375375 0.01789906103286385 0.03685416666666667
2 0.6524882629107981 0.371875 0.01704225352112676 0.029895833333333333
2 0.7126760563380282 0.37525000000000003 0.02011737089201878 0.035124999999999997
2 0.8675117370892019 0.3758958333333334 0.01612676056338028 0.033
2 0.8029577464788732 0.3784166666666666 0.015539906103286386 0.030104166666666664
2 0.7843661971830985 0.378375 0.017241784037558685 0.03710416666666667
2 0.8443309859154929 0.374 0.013368544600938968 0.0269375
2 0.9460328638497653 0.3758958333333334 0.012288732394366198 0.028187499999999997