1 0.11224178403755868 0.5017916666666667 0.22448356807511735 0.345
1 0.38636150234741784 0.5055416666666667 0.13706572769953052 0.28039583333333334
1 0.6408098591549296 0.5386666666666666 0.13154929577464788 0.29472916666666665
1 0.9028990610328639 0.4862916666666666 0.060927230046948354 0.19518749999999999
2 0.06774647887323944 0.35962500000000003 0.03261737089201878 0.060125
2 0.10631455399061032 0.3651875 0.038262910798122066 0.0668125
2 0.6395657276995305 0.41689583333333335 0.028039906103286386 0.04891666666666667
2 0.9014906103286385 0.4062291666666667 0.01915492957746479 0.031875
2 0.9831103286384977 0.4124166666666667 0.014448356807511737 0.025729166666666668
2 0.39487089201877934 0.39127083333333335 0.025997652582159622 0.050562499999999996
1 0.8561502347417841 0.45425 0.039072769953051645 0.124125
2 0.8501173708920188 0.40339583333333334 0.010410798122065726 0.021500000000000002