1 0.2287206572769953 0.6070416666666667 0.2919014084507042 0.5297083333333333
1 0.6289906103286385 0.5355208333333333 0.12961267605633803 0.32866666666666666
1 0.8299530516431924 0.5084583333333333 0.07406103286384977 0.20493750000000002
1 0.8928169014084506 0.49322916666666666 0.05257042253521127 0.15704166666666666
2 0.23171361502347415 0.3873333333333333 0.05362676056338028 0.08866666666666667
2 0.17164319248826293 0.368125 0.04502347417840376 0.07854166666666668
1 0.3384741784037559 0.49139583333333337 0.15725352112676055 0.30122916666666666
2 0.33375586854460093 0.36645833333333333 0.031737089201877934 0.054375
2 0.6299530516431925 0.39908333333333335 0.03022300469483568 0.057
1 0.9611150234741784 0.49656249999999996 0.044976525821596246 0.15020833333333333
2 0.8263028169014084 0.41925 0.016842723004694835 0.025249999999999998
2 0.9423004694835682 0.4249791666666667 0.015610328638497654 0.02735416666666667
2 0.9002230046948357 0.42381250000000004 0.014953051643192489 0.021958333333333333