1 0.14089201877934274 0.5432708333333333 0.2513028169014085 0.38837499999999997
1 0.5029460093896714 0.6141875 0.23332159624413146 0.47533333333333333
1 0.7039319248826291 0.49450000000000005 0.07874413145539906 0.20670833333333333
1 0.9505046948356808 0.483 0.05372065727699531 0.15743749999999998
1 0.835669014084507 0.491875 0.07253521126760563 0.20260416666666667
1 0.34157276995305164 0.5102916666666667 0.13374413145539907 0.3013541666666667
2 0.1415962441314554 0.38681249999999995 0.04419014084507042 0.06772916666666666
2 0.4619600938967136 0.431375 0.05221830985915493 0.10339583333333334
2 0.49760563380281686 0.451875 0.04318075117370892 0.09091666666666667
2 0.5436854460093897 0.40558333333333335 0.03073943661971831 0.051479166666666666
2 0.7055046948356808 0.4092708333333333 0.019624413145539903 0.03233333333333333
1 0.7790140845070422 0.4795625 0.07392018779342723 0.186125
2 0.3477230046948357 0.388125 0.026115023474178403 0.057749999999999996
2 0.5618192488262911 0.41508333333333336 0.020316901408450702 0.058916666666666666
2 0.5830985915492958 0.3968333333333333 0.016971830985915495 0.035979166666666666
2 0.6331338028169013 0.3950416666666667 0.01449530516431925 0.0310625
2 0.7724647887323943 0.40120833333333333 0.015152582159624414 0.0296875
2 0.7873943661971831 0.41670833333333335 0.014424882629107981 0.031000000000000003
2 0.8364671361502347 0.40822916666666664 0.01643192488262911 0.033416666666666664
2 0.9538967136150235 0.4199583333333334 0.014636150234741786 0.031000000000000003
2 0.901643192488263 0.4188125 0.013532863849765257 0.0235625
2 0.9151877934272301 0.41941666666666666 0.013262910798122066 0.0314375