1 0.17142018779342724 0.55925 0.25210093896713615 0.44175
1 0.6756807511737088 0.5815208333333334 0.19546948356807511 0.45506250000000004
1 0.4831690140845071 0.5183125 0.1567018779342723 0.34425
2 0.1752699530516432 0.37716666666666665 0.04463615023474179 0.08424999999999999
2 0.4854342723004694 0.37264583333333334 0.029342723004694836 0.05464583333333333
2 0.4422535211267606 0.3565625 0.029049295774647887 0.04839583333333333
2 0.6897300469483568 0.39629166666666665 0.04380281690140845 0.077
1 0.9262441314553991 0.45566666666666666 0.06030516431924883 0.16570833333333335
1 0.3196948356807512 0.468875 0.1435211267605634 0.24781250000000002
2 0.060997652582159625 0.3484791666666667 0.032582159624413146 0.05439583333333333
2 0.3133098591549296 0.3687708333333333 0.023075117370892018 0.044458333333333336
2 0.33961267605633805 0.3668125 0.02232394366197183 0.04839583333333333
2 0.29127934272300465 0.36314583333333333 0.01880281690140845 0.0326875
2 0.5172652582159624 0.37137499999999996 0.015305164319248825 0.034520833333333334
1 0.7620422535211268 0.46658333333333335 0.07673708920187793 0.2045625
2 0.7618779342723004 0.3844583333333333 0.021349765258215962 0.04272916666666667
2 0.9299061032863849 0.3890625 0.01505868544600939 0.027854166666666666