1 0.17400234741784038 0.5865833333333333 0.34800469483568075 0.5433125000000001
1 0.706338028169014 0.4799375 0.09422535211267606 0.25837499999999997
1 0.5526525821596244 0.48762500000000003 0.11262910798122065 0.2760208333333333
1 0.8547887323943661 0.5669375 0.16517605633802815 0.37712500000000004
2 0.15179577464788735 0.3640833333333333 0.0560093896713615 0.10202083333333332
2 0.868169014084507 0.41402083333333334 0.03980046948356807 0.07512500000000001
2 0.7050821596244131 0.37377083333333333 0.023955399061032865 0.03970833333333333
2 0.014859154929577465 0.365875 0.02971830985915493 0.07729166666666668
2 0.2598943661971831 0.3625416666666667 0.02755868544600939 0.04689583333333334
1 0.3378755868544601 0.5032708333333333 0.14767605633802816 0.3281041666666667
2 0.3166666666666667 0.3716875 0.03455399061032864 0.06675
1 0.4769600938967136 0.470125 0.09105633802816901 0.24158333333333332
2 0.48275821596244134 0.37379166666666663 0.022194835680751174 0.041416666666666664
2 0.5256103286384977 0.3623958333333333 0.017910798122065728 0.0301875
2 0.5627582159624414 0.373625 0.02562206572769953 0.0436875
2 0.6091079812206573 0.3680833333333334 0.017511737089201878 0.034874999999999996
1 0.6544483568075118 0.45335416666666667 0.05745305164319249 0.19091666666666668
2 0.6645070422535211 0.375 0.014589201877934272 0.03229166666666667
2 0.8873239436619719 0.38525 0.016455399061032862 0.033416666666666664