1 0.22178403755868545 0.6467916666666667 0.34400234741784036 0.5932916666666667
1 0.48411971830985917 0.5491041666666666 0.16555164319248827 0.3847291666666666
1 0.6507629107981221 0.5027291666666667 0.11666666666666667 0.24916666666666665
1 0.8378051643192488 0.48352083333333334 0.07149061032863849 0.191
1 0.9415258215962441 0.4766666666666667 0.06187793427230047 0.147625
2 0.21561032863849763 0.40647916666666667 0.059812206572769956 0.10933333333333332
1 0.392112676056338 0.5106458333333334 0.16147887323943663 0.319375
2 0.3700586854460094 0.38485416666666666 0.03718309859154929 0.06389583333333333
2 0.6504107981220657 0.39931249999999996 0.023462441314553988 0.0379375
2 0.8328051643192488 0.4107708333333333 0.01857981220657277 0.030104166666666664
3 0.4795539906103286 0.3909375 0.0493075117370892 0.06983333333333334
1 0.7921713615023473 0.4658541666666667 0.045000000000000005 0.160625
2 0.7924765258215963 0.40147916666666666 0.013615023474178404 0.0288125
2 0.8073826291079812 0.403125 0.015 0.029166666666666667