1 0.17151408450704225 0.6547291666666666 0.3430281690140845 0.6399166666666667
1 0.6392957746478872 0.5095625 0.10558685446009389 0.28004166666666663
1 0.8738615023474178 0.5774583333333333 0.16760563380281693 0.365875
2 0.10262910798122066 0.3925416666666666 0.08064553990610328 0.11710416666666666
2 0.6387089201877933 0.3919166666666667 0.02223004694835681 0.04466666666666667
2 0.8830868544600938 0.4287916666666666 0.034565727699530514 0.06135416666666667
1 0.8268192488262911 0.4594791666666667 0.052253521126760565 0.17979166666666666
2 0.8308920187793427 0.38647916666666665 0.015011737089201877 0.03114583333333333
2 0.9177582159624412 0.3863958333333333 0.017394366197183098 0.029854166666666668
1 0.9651173708920188 0.45379166666666665 0.05705399061032864 0.16141666666666668
2 0.9625704225352113 0.3889791666666667 0.016654929577464787 0.030604166666666665
1 0.4429929577464789 0.4401041666666667 0.07551643192488264 0.1690625
2 0.4454577464788732 0.3723958333333333 0.01714788732394366 0.0311875
2 0.8768779342723005 0.38295833333333335 0.012734741784037558 0.02354166666666667