1 0.34024647887323944 0.5043541666666667 0.13795774647887324 0.28158333333333335
1 0.5451291079812206 0.5101458333333333 0.114037558685446 0.2529375
1 0.7161971830985916 0.5067083333333333 0.09312206572769953 0.24333333333333332
1 0.7873943661971831 0.4852708333333334 0.06807511737089202 0.1759375
1 0.8569718309859155 0.4936041666666667 0.06532863849765258 0.18414583333333334
1 0.9182629107981221 0.47887500000000005 0.06113849765258216 0.16104166666666667
1 0.10205399061032865 0.6054999999999999 0.20409624413145538 0.4879583333333333
2 0.025645539906103288 0.40841666666666665 0.045938967136150234 0.09739583333333333
1 0.1853755868544601 0.5311041666666667 0.16745305164319246 0.36008333333333337
2 0.1425586854460094 0.38695833333333335 0.04407276995305164 0.0703125
2 0.5450352112676057 0.4046875 0.023873239436619717 0.042375
1 0.4753990610328639 0.4657291666666667 0.08481220657276996 0.1873125
1 0.9852347417840375 0.4650625 0.029530516431924884 0.1345208333333333
1 0.6165962441314554 0.4855 0.08206572769953052 0.218125
2 0.3337441314553991 0.38737499999999997 0.02421361502347418 0.0458125
2 0.4736384976525822 0.39077083333333335 0.015692488262910798 0.03377083333333333
2 0.600962441314554 0.39489583333333333 0.018333333333333333 0.03625
2 0.9167957746478873 0.4127708333333333 0.014424882629107981 0.027708333333333335
2 0.7770539906103285 0.4159791666666666 0.014788732394366197 0.03085416666666667
2 0.7913145539906103 0.41591666666666666 0.013169014084507043 0.029625000000000002
2 0.8582042253521127 0.41631250000000003 0.017793427230046947 0.03154166666666667
2 0.7188380281690141 0.40562499999999996 0.020246478873239437 0.042958333333333334
2 0.6332863849765258 0.41141666666666665 0.01754694835680751 0.035083333333333334