1 0.09305164319248826 0.5010416666666667 0.18610328638497653 0.3201458333333333
0 0.39245959696530947 0.8751391846129218 0.4008995882978968 0.8826296769205932 0.40933957963048406 0.8726423538436983 0.4241095644625119 0.9113432307666662 0.4423962123497844 0.9338147076896799 0.4684195189585952 0.9375599538435156 0.48600283423481877 0.9263242153820087 0.5028828168999934 0.8926169999974881 0.5169494691209721 0.8464256307668488 0.5338294517861468 0.8401835538437896 0.5394561126745382 0.8476740461514608 0.5443794409518808 0.8701455230744746 0.5626660888391534 0.8726423538436983 0.5872827302258663 0.8576613692283559 0.6055693781131388 0.875139184612922 0.6259660238335581 0.8713939384590863 0.6498793326092221 0.8276993999976708 0.6611326543860052 0.7640302153824654 0.6562093261086626 0.691622123074977 0.6315926847219497 0.6491759999981731 0.6210426955562155 0.642933923075114 0.6175260325009708 0.6004877999983101 0.6266693564446071 0.5805131538445203 0.6414393412766348 0.5805131538445203 0.6421426738876839 0.5480543538446117 0.6238560260004115 0.5430606923061643 0.6126027042236283 0.5430606923061642 0.6090860411683835 0.5493027692292235 0.6013493824468451 0.5468059384599998 0.567589417116496 0.44069063076799075 0.5753260758380344 0.40948024615269396 0.5774360736711811 0.37452461538356147 0.5661827518943982 0.3445626461528766 0.5422694431187342 0.3470594769221003 0.5345327843971958 0.3657857076912784 0.5352361170082447 0.4044865846142464 0.5359394496192936 0.4094802461526939 0.530312788730902 0.41572232307575324 0.5148394712878254 0.42196439999881263 0.5007728190668466 0.4731494307678993 0.4881128320679656 0.5680289999984016 0.4909261625121613 0.6329465999982188 0.4888161646790145 0.6466791692289495 0.49303616034530817 0.6591633230750682 0.4438028775718823 0.6566664923058444 0.4381762166834907 0.6679022307673513 0.4381762166834907 0.6791379692288582 0.4430995449608333 0.6928705384595887 0.4234062318514629 0.7228325076902736 0.4142629079078267 0.7215840923056618 0.41496624051887565 0.7478008153825111 0.40300958613104365 0.8014826769208215 0.4086362470194352 0.806476338459269 0.4086362470194352 0.8589097846129676 0.3875362686879669 0.8664002769206388
1 0.6341666666666667 0.49270833333333336 0.08916666666666667 0.2141875
1 0.8885328638497653 0.5031458333333333 0.06947183098591549 0.20479166666666665
2 0.07888497652582159 0.3738125 0.03448356807511737 0.0573125
1 0.5144835680751173 0.5499166666666666 0.2117018779342723 0.40822916666666664
3 0.5563849765258216 0.3937291666666667 0.045363849765258216 0.0911875
2 0.4847183098591549 0.3785833333333333 0.0365962441314554 0.06225
1 0.360745386576425 0.6553758636962124 0.34900322209473317 0.6785340214239938 0.3346516877282208 0.6796919293103828 0.3209524958329135 0.6681128504464922 0.31638609853447774 0.6345335217412092 0.3085579888800164 0.6426388769459327 0.3039915915815806 0.6426388769459327 0.3046439340527858 0.6217965349909295 0.30333924911037546 0.6206386271045403 0.3085579888800164 0.5916909299448136 0.3046439340527858 0.5731644037625886 0.31181970123604197 0.5465325223756402 0.30725330393760625 0.5291639040798041 0.30986267382242666 0.5222164567614697 0.32356186571773393 0.5233743646478587 0.3281282630161697 0.5175848252159133 0.330085290429785 0.48168968073785223 0.3307376329009902 0.45621570723729277 0.3346516877282208 0.42842591796395507 0.34639385220991276 0.4110572996681191 0.34639385220991276 0.38095169462200335 0.3581360166916047 0.36589889209894544 0.36792115375968126 0.3728463394172799 0.3770539483565528 0.35779353689422205 0.39662422249270607 0.3647409842125564 0.3979289074351162 0.39137286559950496 0.3927101676654754 0.41916265487284254 0.40510467461837246 0.4585315230100709 0.42337026381211557 0.4492682599189583 0.4364171132362178 0.46084733878284906 0.444245222890679 0.4828475886242413 0.4338077433513972 0.48632131228340847 0.4527256750163454 0.5349534435117493 0.4168468391000645 0.5303218119661931 0.4188038665136798 0.5430587987164728 0.431850715937782 0.5650590485578652 0.42924134605296155 0.5928488378312028 0.4188038665136798 0.6299018901956529 0.42337026381211557 0.6345335217412092 0.42271792134091046 0.6449546927187108
2 0.36359154929577464 0.39847916666666666 0.03201877934272301 0.06749999999999999
1 0.3124020929002715 0.3568842594153102 0.30267330800026315 0.36072172457031354 0.2988898916502598 0.3722341200353236 0.30429477215026446 0.3895027132328386 0.28862061870025085 0.39813700983159606 0.2842967143002471 0.4489834231353902 0.28375622625024666 0.48927680726292533 0.23132888540020108 0.48543934210792195 0.23078839735020062 0.4950330049954303 0.24808401495021565 0.5036673015941878 0.24213864640021046 0.5391638542779685 0.24808401495021565 0.5420419531442211 0.24862450300021607 0.5545137148979821 0.23997669420020856 0.5583511800529853 0.23997669420020856 0.5669854766517428 0.24862450300021607 0.5669854766517428 0.2524079193502194 0.5967258316030186 0.2615962162002274 0.612075692223032 0.2734869533002377 0.6168725236667861 0.28483720235024756 0.6101569596455304 0.29402549920025556 0.5900102675817628 0.3086186765502682 0.5880915350042611 0.3113211168002705 0.5823353372717561 0.3064567243502664 0.577538505828002 0.31186160485027103 0.5458794182992245 0.30699721240026684 0.5305295576792112 0.31078062875027007 0.5209358947917029 0.32267136585028044 0.5247733599467062 0.3302381985502871 0.5142203307704469 0.3291572224502861 0.5017485690166861 0.33131917465028804 0.4921549061291778 0.33131917465028793 0.48352060953042025 0.3232118539002809 0.4787237780866661 0.31510453315027387 0.4633739174666528 0.31618550925027483 0.4422678591141344 0.32104990170027903 0.4499427894241411 0.3307786866002875 0.4566583534453969 0.33510259100029127 0.4422678591141344 0.32807624635028515 0.4326741962266261 0.31942843755027767 0.40677130643035364 0.3232118539002809 0.3904620795215894 0.32267136585028044 0.3808684166340811 0.3286167344002856 0.3808684166340811 0.3296977105002865 0.3674372885915694 0.32213087780027994 0.36359982343656605
2 0.8862206572769953 0.419 0.02103286384976526 0.0376875
2 0.10784037558685446 0.3843125 0.02334507042253521 0.040625
2 0.12610328638497653 0.38068749999999996 0.019436619718309858 0.04145833333333333
2 0.3154460093896714 0.3811666666666667 0.029377934272300472 0.0485
2 0.38325117370892015 0.3900416666666667 0.029178403755868543 0.061625
2 0.4544718309859155 0.38254166666666667 0.01976525821596244 0.043895833333333335
1 0.9651760563380282 0.46189583333333334 0.04661971830985916 0.13041666666666668
2 0.640762910798122 0.4036458333333333 0.017429577464788733 0.036187500000000004
2 0.9729225352112676 0.4082708333333333 0.01221830985915493 0.022020833333333333