1 0.10693661971830985 0.4986041666666667 0.19588028169014082 0.31943750000000004
1 0.2733920187793427 0.521875 0.18841549295774648 0.3451458333333333
1 0.4828521126760563 0.48041666666666666 0.13877934272300468 0.22643749999999999
1 0.7166784037558686 0.4871875 0.08427230046948357 0.22360416666666666
1 0.7914553990610329 0.4752916666666666 0.07274647887323943 0.17322916666666668
0 0.9350586854460093 0.565125 0.1298826291079812 0.3937708333333333
2 0.09301643192488263 0.36779166666666663 0.03642018779342723 0.05416666666666667
2 0.26987089201877934 0.37602083333333336 0.03188967136150235 0.05664583333333333
2 0.48940140845070423 0.38708333333333333 0.02221830985915493 0.0385
1 0.4001643192488263 0.45356250000000004 0.07257042253521126 0.17416666666666666
2 0.7159272300469484 0.4021666666666667 0.02137323943661972 0.03279166666666667
3 0.9737558685446009 0.39922916666666663 0.029624413145539905 0.06066666666666667
1 0.5661267605633803 0.46649999999999997 0.06588028169014085 0.19733333333333333
2 0.5531924882629108 0.38458333333333333 0.015046948356807512 0.0335625
2 0.6673122065727699 0.3880208333333333 0.015211267605633804 0.034541666666666665
2 0.6822535211267605 0.38947916666666665 0.014694835680751174 0.03160416666666667
2 0.39184272300469486 0.3874375 0.01738262910798122 0.03104166666666667
2 0.8041314553990611 0.40564583333333337 0.01618544600938967 0.030625