1 0.4094718309859155 0.4968333333333333 0.1262793427230047 0.2825208333333334
1 0.6420305164319249 0.5140625 0.10888497652582159 0.24804166666666666
1 0.7326760563380281 0.4920208333333333 0.06960093896713615 0.20614583333333333
1 0.807981220657277 0.5058333333333334 0.07325117370892019 0.2149375
1 0.8666079812206573 0.4907708333333333 0.05584507042253521 0.18308333333333332
1 0.916056338028169 0.48062499999999997 0.053086854460093896 0.1541875
0 0.9688732394366197 0.48252083333333334 0.043967136150234745 0.15797916666666667
3 0.9710211267605633 0.41781250000000003 0.028955399061032866 0.03045833333333333
2 0.4021596244131455 0.37854166666666667 0.023403755868544603 0.042395833333333334
2 0.6351525821596243 0.4053125 0.0207981220657277 0.03164583333333333
2 0.8101643192488263 0.41320833333333334 0.018415492957746478 0.030354166666666668
2 0.8632981220657276 0.41058333333333336 0.016232394366197184 0.021979166666666668
2 0.9101173708920187 0.41902083333333334 0.014237089201877936 0.023979166666666666
2 0.9234037558685446 0.419375 0.013333333333333332 0.028104166666666666
2 0.7672535211267606 0.4136666666666667 0.01671361502347418 0.031125