0 0.74731220657277 0.5753125 0.18910798122065728 0.427
1 0.5531807511737089 0.46941666666666665 0.11773474178403756 0.256875
1 0.4371244131455399 0.4447291666666667 0.09889671361502347 0.21670833333333334
3 0.7560915492957747 0.39825 0.04609154929577465 0.067375
2 0.5472535211267605 0.3609375 0.022570422535211267 0.042791666666666665
2 0.435387323943662 0.3630833333333333 0.020269953051643193 0.03847916666666666
1 0.9305164319248825 0.44002083333333336 0.06056338028169014 0.17314583333333333
2 0.9336737089201878 0.3688541666666667 0.01602112676056338 0.03179166666666667
1 0.671255868544601 0.4063125 0.03666666666666667 0.11329166666666667
1 0.980293427230047 0.4325625 0.0394131455399061 0.13445833333333335
2 0.41726525821596244 0.3571666666666667 0.016338028169014085 0.03891666666666667
2 0.837488262910798 0.34879166666666667 0.014037558685446011 0.025166666666666667
2 0.9907042253521128 0.3765833333333333 0.014225352112676056 0.02275
1 0.8992957746478873 0.41675 0.031948356807511735 0.11031250000000001