1 0.24854460093896713 0.6420416666666667 0.32550469483568073 0.5766041666666666
1 0.45004694835680753 0.5505416666666666 0.1703286384976526 0.36583333333333334
1 0.6619131455399062 0.496125 0.08904929577464789 0.2229375
1 0.807018779342723 0.494 0.07845070422535212 0.21591666666666667
1 0.8727934272300469 0.4821666666666667 0.059166666666666666 0.15683333333333332
1 0.9232629107981221 0.48370833333333335 0.05774647887323944 0.1650208333333333
1 0.5937910798122066 0.4583125 0.061396713615023475 0.163125
1 0.7348474178403757 0.48172916666666665 0.06947183098591549 0.19491666666666668
2 0.1760093896713615 0.41791666666666666 0.07248826291079812 0.12352083333333333
2 0.23487089201877936 0.4482916666666667 0.05683098591549296 0.11220833333333333
1 0.5233098591549296 0.4812708333333333 0.09029342723004696 0.21431250000000002
2 0.5189671361502348 0.3943541666666667 0.020845070422535212 0.03704166666666667
2 0.42764084507042255 0.40475 0.03198356807511737 0.061875
2 0.663744131455399 0.40597916666666667 0.019741784037558687 0.037187500000000005
2 0.5904812206572769 0.39275000000000004 0.013333333333333332 0.027604166666666666
1 0.9814436619718311 0.4735 0.0371244131455399 0.15031250000000002
2 0.453650234741784 0.41352083333333334 0.02532863849765258 0.06520833333333334
2 0.7252699530516431 0.397875 0.016737089201877935 0.026354166666666668
2 0.8061032863849765 0.4046458333333333 0.017922535211267604 0.03745833333333334
2 0.864507042253521 0.4183541666666667 0.015551643192488264 0.028083333333333335
2 0.877605633802817 0.4168541666666667 0.01289906103286385 0.022979166666666665
2 0.993849765258216 0.4121666666666667 0.012288732394366198 0.023020833333333334
2 0.9266901408450704 0.4176458333333333 0.01976525821596244 0.03295833333333333
2 0.21788732394366195 0.3782916666666667 0.028333333333333335 0.0591875