1 0.23881455399061033 0.6743958333333333 0.37809859154929576 0.5991458333333333
1 0.5293661971830985 0.5307083333333333 0.13465962441314555 0.3238958333333333
1 0.7650586854460094 0.480875 0.06487089201877935 0.2194375
1 0.8606807511737089 0.47272916666666664 0.06593896713615023 0.21135416666666668
1 0.9628286384976527 0.4448958333333334 0.04786384976525822 0.13427083333333334
2 0.24463615023474178 0.42743749999999997 0.06041079812206573 0.0996875
2 0.5257394366197183 0.3975208333333333 0.03205399061032864 0.0568125
2 0.762887323943662 0.387875 0.02061032863849765 0.03491666666666667
2 0.806924882629108 0.38333333333333336 0.016103286384976528 0.029625000000000002
2 0.8558450704225351 0.3852291666666667 0.01960093896713615 0.036520833333333336
2 0.8913849765258216 0.3867083333333333 0.01652582159624413 0.03625