1 0.30865023474178405 0.5589375000000001 0.19931924882629107 0.37364583333333334
1 0.5997769953051643 0.5041666666666667 0.10181924882629108 0.2549375
1 0.16496478873239437 0.5271250000000001 0.17915492957746476 0.3262083333333334
1 0.7594248826291079 0.4769375 0.06862676056338028 0.1915
1 0.8632981220657276 0.4911041666666666 0.06757042253521127 0.18395833333333333
1 0.9597300469483568 0.48704166666666665 0.05156103286384976 0.16102083333333334
2 0.3137558685446009 0.40691666666666665 0.04080985915492958 0.06902083333333334
2 0.13731220657276993 0.40564583333333337 0.0384037558685446 0.08181250000000001
2 0.17524647887323944 0.39797916666666666 0.0364906103286385 0.0630625
2 0.5965727699530516 0.39708333333333334 0.021232394366197182 0.039
2 0.7578051643192488 0.39772916666666663 0.01693661971830986 0.03235416666666666
2 0.861631455399061 0.4142291666666667 0.015293427230046947 0.026208333333333333
2 0.9628873239436619 0.42112499999999997 0.01488262910798122 0.027583333333333335
2 0.988462441314554 0.41952083333333334 0.012089201877934273 0.022875