1 0.17039906103286387 0.5255208333333333 0.21997652582159624 0.38435416666666666
1 0.34699530516431926 0.481875 0.14980046948356807 0.28731249999999997
1 0.7002230046948357 0.55275 0.23480046948356809 0.41220833333333334
1 0.5382981220657277 0.49404166666666666 0.13240610328638497 0.29566666666666663
1 0.9463028169014085 0.45083333333333336 0.06421361502347418 0.160625
2 0.16881455399061035 0.36762500000000004 0.04142018779342723 0.07247916666666666
2 0.30625586854460096 0.37445833333333334 0.02994131455399061 0.0533125
2 0.34380281690140846 0.3687708333333333 0.02830985915492958 0.05460416666666667
2 0.6928286384976525 0.38375 0.038204225352112674 0.07397916666666667
1 0.8432511737089202 0.45425 0.06465962441314554 0.19427083333333334
1 0.463556338028169 0.46177083333333335 0.09491784037558686 0.22764583333333333
1 0.783744131455399 0.4615208333333333 0.07342723004694836 0.21239583333333334
2 0.46964788732394364 0.36954166666666666 0.022136150234741782 0.04058333333333333
2 0.5360680751173709 0.3719791666666667 0.0282981220657277 0.050333333333333334
2 0.6367253521126761 0.37477083333333333 0.01807511737089202 0.034520833333333334
2 0.9509741784037559 0.38779166666666665 0.01671361502347418 0.031875
2 0.8411737089201877 0.3718125 0.014460093896713615 0.028354166666666666
2 0.7821713615023473 0.37420833333333337 0.01965962441314554 0.035333333333333335
2 0.7182276995305164 0.3705416666666667 0.015997652582159624 0.030895833333333334