1 0.12406103286384977 0.5991458333333333 0.24812206572769954 0.49733333333333335
1 0.5353521126760563 0.5335625 0.13818075117370893 0.32525
1 0.3284037558685446 0.514875 0.18396713615023474 0.3139166666666667
1 0.806349765258216 0.4840625 0.06356807511737089 0.19414583333333332
1 0.6940962441314554 0.4963125 0.08393192488262911 0.22022916666666664
0 0.8855985915492958 0.49933333333333335 0.05820422535211268 0.23104166666666667
1 0.9564553990610328 0.4794791666666667 0.06368544600938966 0.15483333333333332
2 0.10066901408450704 0.3935833333333333 0.050809859154929575 0.08795833333333333
2 0.5339201877934272 0.3934166666666667 0.028133802816901407 0.04666666666666666
3 0.8820657276995305 0.4038125 0.03484741784037559 0.03983333333333334
2 0.6863262910798122 0.40625 0.018603286384976526 0.04183333333333333
2 0.24199530516431925 0.3845 0.024870892018779345 0.04914583333333333
2 0.33684272300469487 0.38456250000000003 0.02779342723004695 0.0519375
2 0.7001525821596244 0.41202083333333334 0.010575117370892019 0.03491666666666667
2 0.961044600938967 0.4156875 0.014823943661971832 0.026895833333333334
2 0.8045539906103286 0.40393749999999995 0.020269953051643193 0.03395833333333333
2 0.9262441314553991 0.40860416666666666 0.010927230046948358 0.020166666666666666