1 0.530281690140845 0.6170208333333334 0.2472417840375587 0.48822916666666666
1 0.10262910798122066 0.5468333333333334 0.205 0.450625
1 0.323462441314554 0.4806666666666667 0.13812206572769953 0.2798125
1 0.8374647887323944 0.463375 0.07360328638497653 0.19652083333333334
2 0.0596830985915493 0.36595833333333333 0.050035211267605635 0.08654166666666667
2 0.5407276995305165 0.4144583333333333 0.04854460093896713 0.08587499999999999
2 0.3211971830985916 0.369875 0.02754694835680751 0.050854166666666666
1 0.43377934272300467 0.5082708333333333 0.13571596244131454 0.3249375
2 0.3699295774647887 0.3569375 0.02124413145539906 0.0395
2 0.4481338028169014 0.3773958333333333 0.02977699530516432 0.058291666666666665
1 0.6306338028169014 0.48189583333333336 0.10546948356807512 0.26489583333333333
2 0.6316549295774647 0.3720416666666667 0.023767605633802816 0.04320833333333333
2 0.8378286384976527 0.38383333333333336 0.01903755868544601 0.036625
2 0.5079225352112676 0.36633333333333334 0.023004694835680753 0.03966666666666666