1 0.4087323943661972 0.5620208333333333 0.20220657276995305 0.39606250000000004
1 0.8544835680751174 0.510625 0.08360328638497654 0.22993750000000002
1 0.10154929577464789 0.49283333333333335 0.17991784037558683 0.32097916666666665
2 0.09879107981220657 0.3625625 0.03434272300469484 0.057
1 0.19519953051643193 0.47585416666666663 0.10604460093896713 0.2615416666666667
2 0.16571596244131456 0.370125 0.030715962441314557 0.047562499999999994
2 0.4125 0.39764583333333337 0.042370892018779346 0.06891666666666667
2 0.8603403755868545 0.4149791666666667 0.02142018779342723 0.03766666666666666
1 0.9601525821596244 0.47175 0.057922535211267605 0.1370625
2 0.8970305164319249 0.4086875 0.02080985915492958 0.033875
2 0.9608920187793427 0.4146458333333333 0.012699530516431926 0.0219375