1 0.13294600938967135 0.5796875 0.2659037558685446 0.4850625
1 0.9028169014084507 0.5743125 0.165575117370892 0.3625
1 0.6979460093896713 0.49593750000000003 0.08415492957746479 0.24083333333333332
0 0.8055868544600939 0.5152916666666667 0.07801643192488263 0.2715208333333334
1 0.547406103286385 0.5111458333333333 0.1121244131455399 0.26816666666666666
2 0.11323943661971832 0.3840833333333334 0.0410093896713615 0.0816875
2 0.8986971830985916 0.42547916666666663 0.03248826291079812 0.06139583333333333
2 0.5357159624413146 0.40222916666666664 0.022406103286384975 0.0479375
3 0.7989788732394366 0.4004375 0.04055164319248826 0.045000000000000005
1 0.6000586854460094 0.47433333333333333 0.07043427230046947 0.193
2 0.5829929577464789 0.3954583333333333 0.018204225352112677 0.036812500000000005
2 0.6907394366197183 0.3986458333333333 0.02382629107981221 0.045000000000000005
2 0.060387323943661975 0.37095833333333333 0.03963615023474179 0.068
2 0.552981220657277 0.40775 0.017206572769953053 0.0435625
2 0.8659037558685446 0.40779166666666666 0.016373239436619717 0.026770833333333334
2 0.9599530516431924 0.4173541666666667 0.015035211267605634 0.025333333333333333