1 0.21309859154929578 0.5188958333333333 0.20124413145539907 0.360625
1 0.4296948356807512 0.5639375 0.1777582159624413 0.39741666666666664
1 0.5738145539906103 0.5092708333333333 0.12294600938967136 0.29954166666666665
1 0.7208685446009389 0.49485416666666665 0.08794600938967137 0.22683333333333333
1 0.8606572769953051 0.48660416666666667 0.07022300469483568 0.1984375
1 0.9458098591549297 0.4765833333333333 0.05268779342723005 0.16681249999999997
2 0.21120892018779341 0.37025 0.034600938967136154 0.068375
2 0.4374295774647887 0.4038541666666667 0.03916666666666666 0.07764583333333334
2 0.5626408450704226 0.39525 0.029354460093896716 0.05247916666666667
2 0.699600938967136 0.3941875 0.019284037558685446 0.034666666666666665
2 0.7207629107981222 0.4000208333333333 0.021502347417840375 0.037187500000000005
1 0.7756690140845071 0.4711666666666667 0.04765258215962442 0.17472916666666669
2 0.7720305164319249 0.40037500000000004 0.016079812206572768 0.0324375
2 0.8507981220657277 0.40397916666666667 0.017100938967136152 0.03245833333333333
2 0.9450352112676056 0.40854166666666664 0.015586854460093896 0.028708333333333332
1 0.9845657276995305 0.4663541666666667 0.030880281690140843 0.14785416666666668
2 0.9577230046948357 0.4126666666666667 0.012100938967136151 0.0215625
2 0.8633215962441314 0.4108541666666667 0.010164319248826291 0.035166666666666666