1 0.5972183098591549 0.45297916666666665 0.07902582159624413 0.20016666666666666
0 0.7295657276995305 0.4836875 0.0865962441314554 0.24966666666666668
1 0.40026995305164315 0.5304375 0.17389671361502346 0.3621875
1 0.27386150234741785 0.47333333333333333 0.1313849765258216 0.28875
2 0.2903169014084507 0.35822916666666665 0.027676056338028165 0.05591666666666666
2 0.4161032863849765 0.3797291666666667 0.03368544600938967 0.058854166666666666
1 0.5120657276995305 0.4724583333333333 0.10235915492957745 0.24464583333333334
1 0.8291666666666667 0.46797916666666667 0.09780516431924882 0.20522916666666668
1 0.92481220657277 0.44929166666666664 0.04949530516431925 0.17141666666666666
1 0.971830985915493 0.441 0.056326291079812206 0.1548125
1 0.669800469483568 0.4374375 0.05173708920187793 0.16191666666666665
2 0.5104342723004694 0.376 0.021490610328638495 0.03970833333333333
2 0.5969718309859156 0.36995833333333333 0.019530516431924883 0.0310625
2 0.839225352112676 0.38510416666666664 0.02041079812206573 0.0386875
2 0.6774178403755868 0.3709166666666667 0.012922535211267605 0.029500000000000002
2 0.9233333333333332 0.3786875 0.01563380281690141 0.026395833333333334
2 0.9620305164319248 0.37847916666666664 0.01534037558685446 0.028541666666666667
2 0.9775117370892019 0.38493750000000004 0.01914319248826291 0.026416666666666665
2 0.7876056338028169 0.38368749999999996 0.015821596244131455 0.027375
3 0.7287323943661972 0.3768333333333333 0.019741784037558687 0.034895833333333334