1 0.46322769953051646 0.49733333333333335 0.1172887323943662 0.25666666666666665
1 0.23529342723004695 0.4943958333333333 0.1768075117370892 0.3130625
1 0.7198826291079813 0.5243958333333334 0.11213615023474179 0.2675
1 0.9258450704225353 0.4799583333333333 0.055927230046948356 0.18675
0 0.10782863849765259 0.6421458333333334 0.21564553990610327 0.7157083333333334
2 0.19555164319248827 0.3621875 0.02852112676056338 0.05458333333333333
2 0.22970657276995307 0.368125 0.0338849765258216 0.05458333333333333
2 0.7186032863849765 0.41479166666666667 0.02755868544600939 0.0485
2 0.4720305164319249 0.3926458333333333 0.02426056338028169 0.04760416666666667
2 0.9245774647887324 0.4045833333333333 0.01738262910798122 0.034208333333333334
1 0.8800469483568074 0.45389583333333333 0.05053990610328639 0.12091666666666666