1 0.1658098591549296 0.5784791666666667 0.2502464788732394 0.45416666666666666
1 0.66556338028169 0.6347291666666667 0.2145305164319249 0.49166666666666664
1 0.8359859154929578 0.47722916666666665 0.060504694835680745 0.17475
1 0.9146596244131455 0.4880625 0.06673708920187793 0.17041666666666666
1 0.4323122065727699 0.515625 0.12910798122065728 0.26735416666666667
1 0.5453051643192488 0.5297291666666667 0.1238262910798122 0.2853541666666667
2 0.15876760563380282 0.3947083333333333 0.042711267605633804 0.08075
2 0.6870774647887323 0.43427083333333333 0.044565727699530516 0.08735416666666666
2 0.4325704225352113 0.40875 0.025657276995305164 0.04845833333333334
2 0.4065140845070423 0.40908333333333335 0.0267018779342723 0.050416666666666665
2 0.5467723004694836 0.411875 0.024565727699530516 0.050499999999999996
2 0.8334859154929577 0.4058333333333334 0.015211267605633804 0.03227083333333333
2 0.11753521126760563 0.39927083333333335 0.0319131455399061 0.04939583333333333
2 0.915293427230047 0.41600000000000004 0.016607981220657278 0.025249999999999998
2 0.9667136150234742 0.4175833333333333 0.012077464788732393 0.022375
2 0.7120892018779343 0.404625 0.018544600938967138 0.033