1 0.3299530516431925 0.5376041666666667 0.17681924882629108 0.3478333333333333
1 0.5934389671361503 0.6028749999999999 0.21740610328638496 0.4408333333333333
1 0.7719953051643192 0.49672916666666667 0.08955399061032863 0.21604166666666666
1 0.8892605633802817 0.4787708333333333 0.06422535211267605 0.17306249999999998
2 0.5903169014084507 0.42010416666666667 0.04274647887323944 0.08191666666666667
2 0.30768779342723 0.3965208333333334 0.034976525821596244 0.06904166666666667
1 0.4707394366197183 0.4815625 0.0901056338028169 0.22672916666666668
2 0.4752934272300469 0.39149999999999996 0.02357981220657277 0.041479166666666664
2 0.7702464788732394 0.40579166666666666 0.020293427230046946 0.035645833333333335
2 0.3333333333333333 0.40452083333333333 0.029859154929577466 0.060375
3 0.656349765258216 0.3958125 0.047171361502347416 0.058416666666666665
2 0.5434389671361503 0.39216666666666666 0.030363849765258216 0.050333333333333334
2 0.8879577464788732 0.41477083333333337 0.016255868544600937 0.028708333333333332
2 0.8640492957746478 0.4049375 0.014988262910798121 0.028625