1 0.10267605633802818 0.520125 0.2043192488262911 0.3825
1 0.47401408450704224 0.5243958333333334 0.149518779342723 0.29456249999999995
1 0.8550234741784037 0.581 0.169037558685446 0.3606666666666667
1 0.6830281690140846 0.5203333333333333 0.09998826291079813 0.26333333333333336
1 0.7918427230046948 0.4983333333333333 0.06860328638497652 0.21933333333333332
2 0.08259389671361503 0.3599583333333333 0.036068075117370896 0.06458333333333334
2 0.4692957746478873 0.40425 0.031549295774647886 0.050749999999999997
2 0.8687558685446009 0.43241666666666667 0.03853286384976526 0.0615625
2 0.686244131455399 0.41041666666666665 0.025880281690140845 0.04689583333333334
2 0.4484507042253521 0.3947291666666667 0.018427230046948358 0.042874999999999996
2 0.7889319248826291 0.4046458333333333 0.01868544600938967 0.027270833333333334
2 0.8420774647887325 0.41391666666666665 0.015269953051643192 0.026000000000000002
3 0.9400117370892018 0.4096041666666667 0.028884976525821594 0.02814583333333333
1 0.9679107981220657 0.4775 0.05326291079812207 0.14847916666666666
2 0.8316549295774649 0.410875 0.011983568075117372 0.020291666666666666
1 0.6073356807511737 0.4953125 0.1141431924882629 0.23922916666666666
2 0.9652230046948357 0.41641666666666666 0.017100938967136152 0.027208333333333334