1 0.13960093896713616 0.559375 0.2494718309859155 0.42014583333333333
1 0.3829225352112676 0.6270833333333333 0.2760093896713615 0.5180625
1 0.7021361502347419 0.5010416666666667 0.10693661971830985 0.2368125
1 0.8563145539906104 0.4795416666666667 0.06623239436619718 0.17862499999999998
1 0.9715962441314554 0.4751875 0.05679577464788733 0.14454166666666665
0 0.562206572769953 0.5423749999999999 0.1389906103286385 0.35670833333333335
2 0.37816901408450704 0.4140833333333333 0.04911971830985916 0.09602083333333335
2 0.103075117370892 0.3942083333333333 0.04548122065727699 0.0846875
2 0.1396361502347418 0.4015208333333333 0.04139671361502348 0.0695625
2 0.7019600938967137 0.402375 0.02113849765258216 0.0373125
2 0.4428755868544601 0.388125 0.03651408450704225 0.06058333333333333
3 0.5528286384976526 0.39768749999999997 0.0497887323943662 0.064
2 0.8525586854460094 0.4111666666666667 0.01733568075117371 0.028354166666666666
2 0.6780516431924883 0.40060416666666665 0.016995305164319248 0.033666666666666664
2 0.41552816901408446 0.38858333333333334 0.021502347417840375 0.04039583333333333
2 0.8184741784037559 0.4035 0.013943661971830987 0.02745833333333333
2 0.8322652582159625 0.4049583333333333 0.013791079812206572 0.029020833333333333
2 0.9851291079812207 0.41618750000000004 0.013931924882629107 0.024625