1 0.1665492957746479 0.4813541666666667 0.17497652582159626 0.28993749999999996
1 0.45352112676056333 0.623625 0.2711032863849765 0.5550208333333334
1 0.7204460093896714 0.4789583333333333 0.08904929577464789 0.23285416666666667
1 0.8986150234741784 0.4625833333333333 0.0667018779342723 0.170625
2 0.4680164319248826 0.3985208333333333 0.056126760563380285 0.10256249999999999
1 0.36026995305164317 0.5263541666666667 0.11984741784037559 0.37935416666666666
2 0.3953755868544601 0.3736041666666667 0.03796948356807512 0.07033333333333333
2 0.16273474178403757 0.36689583333333337 0.033779342723004695 0.0580625
1 0.29875586854460096 0.4951041666666667 0.13247652582159625 0.34725
2 0.24422535211267607 0.3645 0.026267605633802815 0.051395833333333335
2 0.7226056338028168 0.3865 0.023392018779342723 0.044375000000000005
1 0.07478873239436619 0.5608958333333334 0.14957746478873238 0.4577291666666667
2 0.30521126760563383 0.34927083333333336 0.03197183098591549 0.05408333333333334
2 0.8997417840375588 0.3919583333333333 0.016291079812206573 0.030083333333333333