1 0.12238262910798121 0.5257083333333333 0.20860328638497652 0.35481250000000003
1 0.6105751173708921 0.5207083333333333 0.11758215962441315 0.2849791666666667
1 0.4180281690140845 0.5233125 0.14890845070422537 0.2901875
1 0.7082981220657277 0.4938333333333333 0.07769953051643193 0.19349999999999998
1 0.7867488262910798 0.5005000000000001 0.07834507042253522 0.208625
1 0.8588615023474179 0.48508333333333337 0.06631455399061033 0.17779166666666668
1 0.9459154929577465 0.4687291666666667 0.047053990610328646 0.15052083333333333
2 0.10555164319248828 0.3778125 0.037464788732394366 0.057895833333333334
1 0.34868544600938967 0.47125 0.08701877934272301 0.20614583333333333
2 0.3527699530516432 0.38852083333333337 0.019917840375586852 0.03977083333333333
2 0.41827464788732394 0.402875 0.02550469483568075 0.04758333333333333
2 0.6127934272300469 0.40264583333333337 0.0239906103286385 0.051354166666666666
1 0.49609154929577465 0.4907291666666667 0.09150234741784037 0.24508333333333335
2 0.4720070422535211 0.39145833333333335 0.019859154929577467 0.043979166666666666
2 0.497406103286385 0.41031249999999997 0.019190140845070425 0.03885416666666666
2 0.5188262910798123 0.4111875 0.019424882629107982 0.03835416666666667
2 0.6952699530516432 0.4159375 0.017359154929577465 0.034937499999999996
2 0.7106455399061034 0.4153958333333333 0.01573943661971831 0.031375
2 0.791924882629108 0.4159791666666666 0.021842723004694836 0.03722916666666667
2 0.8575469483568076 0.4105 0.017863849765258216 0.02625
2 0.9461502347417841 0.406375 0.01294600938967136 0.025083333333333332