0 0.15016431924882628 0.5833333333333334 0.2752816901408451 0.5222291666666666
1 0.43591549295774645 0.5090625 0.1526173708920188 0.3017916666666667
1 0.5531924882629108 0.4797083333333333 0.1111737089201878 0.21616666666666667
1 0.7646126760563381 0.4828958333333333 0.07656103286384977 0.20614583333333333
1 0.8436384976525821 0.4720833333333333 0.072981220657277 0.16285416666666666
1 0.23300469483568076 0.48854166666666665 0.1539319248826291 0.28510416666666666
2 0.2209037558685446 0.37306249999999996 0.03198356807511737 0.05091666666666667
2 0.43747652582159624 0.38533333333333336 0.02971830985915493 0.0498125
2 0.5521596244131456 0.3904583333333333 0.021913145539906104 0.03889583333333334
3 0.13102112676056338 0.36950000000000005 0.06705399061032864 0.0898125
1 0.7141901408450705 0.46397916666666666 0.05541079812206573 0.1765
1 0.6098708920187793 0.46397916666666666 0.0621244131455399 0.18922916666666667
2 0.7614319248826291 0.4048125 0.01767605633802817 0.03277083333333333
2 0.015223004694835682 0.3623125 0.030446009389671364 0.09204166666666666
2 0.04233568075117371 0.369625 0.046396713615023476 0.07739583333333333
2 0.8544014084507042 0.4077083333333333 0.013838028169014083 0.029208333333333333
2 0.7113028169014084 0.391125 0.016068075117370892 0.03164583333333333
2 0.725669014084507 0.3935 0.014037558685446011 0.0288125
2 0.5995657276995305 0.3872291666666667 0.017476525821596246 0.03302083333333333