1 0.18747652582159624 0.48966666666666664 0.18739436619718308 0.34945833333333337
1 0.48920187793427233 0.6187083333333334 0.2685211267605634 0.5137916666666666
2 0.17534037558685445 0.3499583333333333 0.03765258215962441 0.06820833333333334
2 0.5074413145539906 0.41195833333333337 0.05071596244131456 0.09470833333333334
1 0.40214788732394363 0.46950000000000003 0.13190140845070422 0.2598333333333333
2 0.40413145539906103 0.3638541666666667 0.02402582159624413 0.0473125
1 0.92018779342723 0.467375 0.10365023474178404 0.18875
1 0.7712323943661972 0.4787708333333333 0.07315727699530516 0.23172916666666668
1 0.660281690140845 0.450375 0.07276995305164319 0.183875
1 0.8315492957746479 0.44802083333333337 0.05519953051643193 0.14991666666666664
1 0.7201995305164319 0.43674999999999997 0.05193661971830986 0.15125
2 0.5943309859154929 0.37954166666666667 0.017007042253521128 0.034416666666666665
2 0.6592488262910797 0.3736666666666667 0.014788732394366197 0.0285625
2 0.7293896713615025 0.37477083333333333 0.01312206572769953 0.026375
3 0.7678990610328639 0.37904166666666667 0.017511737089201878 0.03345833333333333
2 0.9265727699530517 0.38875 0.023380281690140847 0.032125
2 0.8354225352112675 0.3862083333333333 0.013274647887323944 0.021979166666666668
2 0.8786737089201878 0.37587499999999996 0.01580985915492958 0.02814583333333333
2 0.947981220657277 0.38227083333333334 0.014870892018779343 0.027166666666666665