1 0.5252112676056339 0.48816666666666664 0.12995305164319249 0.2627083333333333
1 0.646537558685446 0.45543750000000005 0.08848591549295774 0.21941666666666665
1 0.05687793427230047 0.47085416666666663 0.11374413145539905 0.28279166666666666
2 0.01244131455399061 0.3563541666666667 0.022805164319248825 0.05475
2 0.644518779342723 0.3661041666666666 0.019694835680751175 0.0390625
2 0.5263028169014085 0.3816875 0.02618544600938967 0.04729166666666666
1 0.7734389671361502 0.4639583333333333 0.09179577464788731 0.20252083333333332
1 0.9064906103286385 0.45356250000000004 0.05205399061032864 0.17068750000000002
1 0.8675938967136151 0.4451458333333333 0.051619718309859154 0.15385416666666665
1 0.971349765258216 0.4384375 0.057300469483568074 0.14202083333333335
2 0.9688732394366197 0.3773958333333333 0.01375586854460094 0.020854166666666667
3 0.9059859154929577 0.3809166666666667 0.012394366197183098 0.0260625
2 0.8775704225352113 0.38383333333333336 0.014647887323943662 0.0300625
2 0.7849530516431924 0.3783958333333333 0.01545774647887324 0.03160416666666667