1 0.19683098591549295 0.5606458333333334 0.2577582159624413 0.43722916666666667
1 0.5831338028169014 0.48522916666666666 0.09438967136150235 0.24247916666666666
1 0.7442136150234743 0.5078958333333333 0.09288732394366198 0.26218749999999996
1 0.9667957746478874 0.474875 0.05893192488262911 0.15737500000000001
1 0.8946713615023474 0.47641666666666665 0.05644366197183099 0.17429166666666665
1 0.8234037558685445 0.48341666666666666 0.08043427230046948 0.21541666666666667
1 0.3364319248826291 0.5086875 0.14529342723004696 0.29083333333333333
2 0.1981924882629108 0.3783125 0.041913145539906105 0.07320833333333333
2 0.2989201877934272 0.3880416666666667 0.03200704225352113 0.05091666666666667
2 0.33562206572769954 0.3969166666666667 0.026784037558685445 0.056187499999999994
2 0.5791197183098592 0.38683333333333336 0.021913145539906104 0.04466666666666667
2 0.7455164319248826 0.4012291666666667 0.025164319248826294 0.04754166666666667
2 0.8199647887323944 0.3988125 0.02151408450704225 0.04025
1 0.09511737089201878 0.5038750000000001 0.13224178403755868 0.2964791666666667
2 0.11565727699530517 0.38304166666666667 0.032159624413145536 0.05375
2 0.7859272300469484 0.39197916666666666 0.018427230046948358 0.034145833333333334
2 0.9694014084507042 0.41060416666666666 0.014906103286384975 0.02625
2 0.8986384976525822 0.404625 0.015575117370892018 0.03047916666666667
2 0.3552934272300469 0.37920833333333337 0.022453051643192487 0.04670833333333334
3 0.16517605633802815 0.3746041666666667 0.014788732394366197 0.033604166666666664