1 0.46998826291079815 0.5505833333333333 0.18441314553990612 0.38295833333333335
2 0.47588028169014085 0.3930208333333333 0.03073943661971831 0.06385416666666667
1 0.7511384976525822 0.5151249999999999 0.08714788732394366 0.23249999999999998
2 0.7488380281690141 0.41956249999999995 0.019507042253521126 0.0370625
1 0.10365023474178404 0.49450000000000005 0.2073004694835681 0.36485416666666665
2 0.08799295774647888 0.350125 0.05410798122065728 0.07179166666666667
1 0.9744718309859155 0.491 0.051056338028169015 0.14791666666666667
1 0.9363028169014085 0.49814583333333334 0.04032863849765258 0.16414583333333335
1 0.8580868544600939 0.49768749999999995 0.06343896713615023 0.17464583333333333
2 0.785481220657277 0.42512500000000003 0.01813380281690141 0.03310416666666667
2 0.9067370892018779 0.4205625 0.012640845070422535 0.027375
2 0.9825586854460093 0.4277916666666667 0.015410798122065729 0.021416666666666664
2 0.9386971830985915 0.4282083333333333 0.013368544600938968 0.020562499999999997
2 0.8596948356807512 0.42289583333333336 0.01814553990610329 0.0269375
2 0.8790962441314554 0.41827083333333337 0.015715962441314554 0.028520833333333332