1 0.34576291079812205 0.5319375000000001 0.17822769953051643 0.3361041666666667
1 0.5620892018779342 0.6232708333333333 0.23058685446009392 0.46458333333333335
1 0.738650234741784 0.5064791666666667 0.08278169014084508 0.24175000000000002
1 0.8122769953051643 0.487 0.06083333333333333 0.18279166666666666
0 0.9266197183098592 0.48775 0.04264084507042253 0.19316666666666665
2 0.3398826291079812 0.3993333333333334 0.032593896713615025 0.060125
2 0.5761737089201878 0.4321041666666667 0.04731220657276996 0.08127083333333333
2 0.7365727699530515 0.4029166666666667 0.019495305164319247 0.03141666666666667
3 0.927018779342723 0.40712499999999996 0.029577464788732393 0.03191666666666667
2 0.8008450704225353 0.41252083333333334 0.016103286384976528 0.032625
2 0.7860093896713615 0.408875 0.01397887323943662 0.026312500000000003
2 0.3171713615023474 0.38885416666666667 0.02532863849765258 0.0496875