1 0.1475469483568075 0.5507083333333332 0.25422535211267605 0.4298958333333333
1 0.8364788732394366 0.5706875 0.1737793427230047 0.4073333333333334
1 0.515774647887324 0.5295833333333333 0.16321596244131456 0.3563958333333333
1 0.759518779342723 0.46927083333333336 0.06646713615023475 0.18283333333333335
1 0.6310328638497652 0.49141666666666667 0.1017605633802817 0.28852083333333334
2 0.15065727699530518 0.37883333333333336 0.05022300469483568 0.08210416666666666
2 0.5117723004694835 0.38347916666666665 0.0336737089201878 0.058562499999999997
2 0.8527699530516432 0.4063333333333333 0.04415492957746479 0.06672916666666667
1 0.942406103286385 0.46879166666666666 0.05318075117370892 0.16639583333333335
2 0.5565727699530516 0.3802291666666667 0.020023474178403753 0.042645833333333334
2 0.6112089201877934 0.38083333333333336 0.026866197183098593 0.05302083333333333
2 0.9419835680751174 0.3997291666666667 0.012957746478873239 0.02425