1 0.2288849765258216 0.5697083333333333 0.267406103286385 0.4964791666666667
0 0.357981220657277 0.66325 0.33843896713615024 0.6735
1 0.5845892018779343 0.49262500000000004 0.10897887323943661 0.22595833333333332
1 0.8394835680751174 0.5102708333333333 0.08785211267605633 0.22716666666666668
1 0.9688967136150235 0.4754583333333333 0.05534037558685446 0.16439583333333332
1 0.06869718309859155 0.4804791666666667 0.13737089201877936 0.25479166666666664
3 0.39061032863849765 0.38004166666666667 0.05012910798122066 0.10752083333333333
2 0.1978755868544601 0.36647916666666663 0.046537558685446005 0.0868125
2 0.25227699530516434 0.37597916666666664 0.05336854460093897 0.09102083333333333
2 0.025258215962441315 0.3800625 0.02852112676056338 0.044125
2 0.838650234741784 0.41862499999999997 0.026396713615023472 0.043729166666666666
2 0.9740845070422535 0.41102083333333334 0.01784037558685446 0.029541666666666667
1 0.9161267605633803 0.4595 0.0564319248826291 0.13589583333333335
2 0.04589201877934272 0.376 0.02568075117370892 0.043812500000000004
2 0.5906338028169015 0.4000625 0.01796948356807512 0.03902083333333333
2 0.9187558685446009 0.403375 0.011690140845070423 0.024354166666666666
2 0.9512793427230047 0.4096458333333333 0.010868544600938966 0.018583333333333334