1 0.09227699530516432 0.5404583333333334 0.18454225352112674 0.40239583333333334
1 0.30683098591549296 0.5732916666666666 0.21773474178403754 0.4200833333333333
1 0.45030516431924883 0.493875 0.11144366197183099 0.2454583333333333
1 0.6146713615023475 0.5042708333333333 0.09678403755868543 0.2335625
1 0.7708685446009389 0.49966666666666665 0.08373239436619719 0.22766666666666666
1 0.8938028169014084 0.48612500000000003 0.05664319248826291 0.1716666666666667
1 0.8356572769953052 0.48152083333333334 0.05796948356807512 0.15997916666666667
1 0.9581924882629108 0.4765 0.05890845070422535 0.1538125
1 0.5448474178403756 0.4618541666666667 0.07365023474178403 0.17154166666666668
2 0.051619718309859154 0.374 0.037805164319248824 0.06904166666666667
2 0.27404929577464787 0.4044375 0.04303990610328639 0.08354166666666667
2 0.6158450704225352 0.40570833333333334 0.02119718309859155 0.03860416666666667
2 0.4460446009389671 0.39029166666666665 0.02073943661971831 0.036875
2 0.30546948356807513 0.41133333333333333 0.03660798122065728 0.07595833333333334
2 0.326056338028169 0.39147916666666666 0.0294131455399061 0.059625000000000004
2 0.5425234741784037 0.3915416666666667 0.014330985915492958 0.030229166666666665
1 0.6874413145539907 0.48110416666666667 0.09253521126760564 0.20199999999999999
2 0.6756572769953051 0.3973541666666666 0.01976525821596244 0.03260416666666667
2 0.9603169014084507 0.4140833333333333 0.015199530516431924 0.02685416666666667
2 0.8990962441314554 0.4190833333333333 0.01924882629107981 0.03283333333333333
2 0.8262676056338029 0.41787500000000005 0.017206572769953053 0.030395833333333334
2 0.8396244131455399 0.41660416666666666 0.012746478873239436 0.0253125
2 0.7718896713615023 0.40302083333333333 0.019413145539906102 0.03279166666666667
2 0.700293427230047 0.41150000000000003 0.016079812206572768 0.030020833333333333