1 0.15708920187793426 0.5205 0.21788732394366195 0.35481250000000003
1 0.3143192488262911 0.5586666666666668 0.2200586854460094 0.4103333333333333
1 0.6076525821596245 0.501625 0.09854460093896712 0.2468125
1 0.7410680751173708 0.4875 0.07636150234741784 0.22172916666666667
0 0.837488262910798 0.5057291666666667 0.06901408450704224 0.2516875
1 0.9002699530516431 0.4798541666666667 0.05503521126760563 0.17660416666666665
1 0.9625352112676057 0.566125 0.07492957746478873 0.33381249999999996
2 0.31489436619718314 0.38837499999999997 0.03863849765258216 0.06858333333333334
2 0.18018779342723007 0.37427083333333333 0.03660798122065728 0.06039583333333333
2 0.5956455399061032 0.40147916666666666 0.02334507042253521 0.04702083333333333
2 0.7358450704225353 0.3980208333333334 0.023509389671361503 0.045000000000000005
3 0.8359154929577466 0.4023125 0.038896713615023476 0.042479166666666665
2 0.6123708920187794 0.40597916666666667 0.016091549295774648 0.037875
2 0.6225117370892018 0.39610416666666665 0.01470657276995305 0.033229166666666664
2 0.9882863849765258 0.4250625 0.02342723004694836 0.05210416666666667
2 0.9009507042253522 0.4080833333333333 0.014577464788732394 0.029458333333333333