1 0.679319248826291 0.5017291666666667 0.09605633802816901 0.2603958333333333
1 0.5039084507042253 0.6153958333333333 0.2894131455399061 0.5050833333333333
1 0.16566901408450704 0.5486041666666667 0.25673708920187793 0.42422916666666666
2 0.1631924882629108 0.37879166666666664 0.04828638497652582 0.07541666666666667
2 0.48619718309859156 0.41160416666666666 0.05815727699530516 0.09560416666666667
2 0.6815492957746478 0.3935833333333333 0.02221830985915493 0.04158333333333333
1 0.8513732394366197 0.45547916666666666 0.044730046948356805 0.16679166666666667
1 0.9403755868544601 0.45989583333333334 0.049248826291079816 0.1724166666666667
1 0.8972769953051644 0.4493958333333333 0.04748826291079812 0.15275
2 0.942018779342723 0.3876666666666667 0.016572769953051642 0.026125
2 0.9059272300469484 0.38537499999999997 0.01284037558685446 0.026125
2 0.8543192488262911 0.3882291666666667 0.014565727699530517 0.029520833333333333
1 0.9848356807511738 0.4477083333333333 0.03032863849765258 0.15345833333333334