1 0.18700704225352113 0.5084375 0.19402582159624412 0.351375
1 0.3495657276995305 0.47716666666666663 0.14041079812206572 0.2693333333333333
1 0.572406103286385 0.5044375 0.12868544600938966 0.3110625
1 0.7420892018779343 0.46649999999999997 0.06943661971830986 0.233
1 0.8401173708920188 0.46027083333333335 0.0675 0.19960416666666667
1 0.9758215962441315 0.44306249999999997 0.048345070422535205 0.14802083333333332
2 0.17731220657276994 0.36995833333333333 0.033579812206572766 0.059145833333333335
2 0.34853286384976523 0.36508333333333337 0.027887323943661974 0.0456875
1 0.6469600938967136 0.47418750000000004 0.09205399061032865 0.23435416666666667
1 0.4972887323943662 0.48004166666666664 0.09953051643192488 0.2720416666666667
2 0.5030281690140845 0.3636875 0.022664319248826288 0.041666666666666664
2 0.9850704225352113 0.38185416666666666 0.01369718309859155 0.026083333333333333
2 0.7480281690140845 0.3691041666666666 0.02113849765258216 0.03635416666666667
2 0.6508920187793427 0.381875 0.02433098591549296 0.04889583333333333
3 0.5713615023474179 0.3733333333333333 0.02545774647887324 0.0486875
2 0.8369835680751174 0.3770625 0.01725352112676056 0.03320833333333333
2 0.8674178403755868 0.37304166666666666 0.013990610328638497 0.026395833333333334
1 0.10142018779342722 0.451875 0.09002347417840376 0.25654166666666667
2 0.11620892018779343 0.3481458333333334 0.027523474178403756 0.04797916666666667