1 0.3852699530516432 0.45249999999999996 0.10332159624413145 0.21802083333333336
1 0.17896713615023474 0.534125 0.24097417840375587 0.4438541666666667
1 0.6721596244131455 0.47325 0.10375586854460095 0.22147916666666667
2 0.028497652582159624 0.3093125 0.03719483568075117 0.0635
2 0.17632629107981218 0.3534791666666666 0.04762910798122066 0.08214583333333333
2 0.383943661971831 0.3638125 0.021948356807511737 0.0373125
2 0.6723122065727699 0.37958333333333333 0.02113849765258216 0.033604166666666664
1 0.7495422535211268 0.44483333333333336 0.06666666666666667 0.1855625
2 0.7464084507042255 0.3703125 0.016384976525821597 0.03272916666666667
1 0.8409389671361502 0.45691666666666664 0.0852112676056338 0.182875
1 0.9596244131455399 0.44897916666666665 0.05354460093896713 0.15577083333333333
2 0.8510446009389672 0.380375 0.015481220657276995 0.02735416666666667
2 0.8675704225352112 0.3769166666666666 0.014753521126760564 0.02754166666666667
2 0.979718309859155 0.3844166666666667 0.01426056338028169 0.02420833333333333
2 0.6517840375586855 0.36524999999999996 0.009389671361502348 0.0199375