1 0.2623474178403756 0.4921666666666667 0.16990610328638497 0.2715208333333334
1 0.4116431924882629 0.478625 0.11931924882629108 0.2300625
1 0.5282746478873239 0.5115416666666667 0.12386150234741784 0.26885416666666667
1 0.9319600938967136 0.49104166666666665 0.05660798122065727 0.17908333333333332
0 0.6962441314553991 0.6076458333333333 0.21230046948356807 0.5039791666666666
1 0.791349765258216 0.5203958333333333 0.11919014084507042 0.3153958333333333
2 0.7583802816901408 0.3920416666666667 0.0286150234741784 0.05991666666666667
2 0.7865845070422535 0.40066666666666667 0.02811032863849765 0.0593125
2 0.2703990610328638 0.3811458333333333 0.026220657276995307 0.04991666666666667
2 0.41395539906103285 0.38516666666666666 0.02242957746478873 0.04491666666666667
2 0.5152582159624414 0.39927083333333335 0.026772300469483565 0.04752083333333333
3 0.7240375586854461 0.398375 0.03653755868544601 0.08235416666666667
2 0.9320657276995306 0.4168541666666667 0.01788732394366197 0.03175
2 0.20242957746478873 0.38629166666666664 0.021960093896713617 0.03635416666666667
2 0.21886150234741783 0.38325000000000004 0.019870892018779344 0.03935416666666667
2 0.5557394366197184 0.38939583333333333 0.01904929577464789 0.03947916666666666
2 0.6903521126760562 0.4033333333333333 0.01620892018779343 0.03685416666666667