0 0.4022300469483568 0.6353333333333333 0.3088028169014085 0.5731041666666666
1 0.2088380281690141 0.4951666666666667 0.20661971830985915 0.3500416666666667
2 0.19803990610328637 0.35370833333333335 0.03160798122065728 0.0623125
3 0.40975352112676056 0.40820833333333334 0.061960093896713614 0.10745833333333334
2 0.16874413145539907 0.35229166666666667 0.018485915492957746 0.0469375
1 0.47143192488262914 0.4310833333333333 0.07741784037558684 0.17433333333333334
2 0.47245305164319246 0.35960416666666667 0.015715962441314554 0.03160416666666667
1 0.6301995305164318 0.4281875 0.06185446009389672 0.16783333333333333
1 0.8677699530516433 0.44685416666666666 0.06210093896713614 0.19660416666666666
1 0.9336737089201878 0.4417916666666667 0.05433098591549296 0.14604166666666665
1 0.8273474178403756 0.4212916666666667 0.035375586854460093 0.12189583333333333
2 0.7582746478873239 0.3450625 0.01596244131455399 0.02383333333333333
2 0.6159272300469484 0.36162500000000003 0.012347417840375586 0.025895833333333333
2 0.6311032863849766 0.3587916666666667 0.014683098591549296 0.029541666666666667
2 0.8664084507042253 0.3652916666666667 0.015903755868544603 0.03179166666666667
2 0.9374530516431925 0.37954166666666667 0.014460093896713615 0.021916666666666664