1 0.0737793427230047 0.45510416666666664 0.14593896713615023 0.2263541666666667
1 0.44842723004694834 0.5477916666666667 0.16213615023474176 0.3607083333333333
1 0.6985211267605633 0.4940833333333333 0.0889319248826291 0.25277083333333333
2 0.44451877934272305 0.4004375 0.035375586854460093 0.0638125
1 0.8130046948356807 0.4812291666666667 0.07409624413145541 0.23554166666666668
1 0.9616079812206573 0.46118750000000003 0.0517018779342723 0.1608125
2 0.7018661971830986 0.38977083333333334 0.02424882629107981 0.043041666666666666
2 0.8109859154929578 0.384375 0.021549295774647887 0.041854166666666665
2 0.06275821596244131 0.36485416666666665 0.028744131455399058 0.04583333333333333
1 0.760481220657277 0.4622708333333333 0.05779342723004695 0.19004166666666666
2 0.7633333333333333 0.38356250000000003 0.015234741784037558 0.030979166666666665
2 0.8467488262910797 0.3881875 0.01954225352112676 0.03797916666666667
2 0.9663732394366198 0.3943333333333333 0.015199530516431924 0.026395833333333334
1 0.931537558685446 0.446625 0.03926056338028169 0.13633333333333333
2 0.9364906103286385 0.3905208333333333 0.013990610328638497 0.023770833333333335