1 0.16922535211267606 0.5133958333333334 0.22715962441314552 0.3656666666666667
1 0.727593896713615 0.5663333333333332 0.1731338028169014 0.3986458333333333
1 0.4021596244131455 0.4806666666666667 0.11352112676056338 0.23135416666666667
1 0.5766784037558685 0.5110208333333334 0.126537558685446 0.3048958333333333
1 0.8481220657276995 0.4858125 0.06685446009389671 0.21514583333333331
1 0.909612676056338 0.47250000000000003 0.06107981220657277 0.17727083333333335
1 0.9750352112676056 0.4615208333333333 0.04992957746478873 0.152375
2 0.706631455399061 0.41041666666666665 0.03618544600938967 0.07360416666666666
2 0.7449413145539907 0.4014375 0.03879107981220657 0.06154166666666667
2 0.1759976525821596 0.3652916666666667 0.03515258215962441 0.06510416666666667
2 0.4030633802816902 0.38662500000000005 0.021173708920187793 0.04191666666666667
2 0.578450704225352 0.3839166666666667 0.026737089201877937 0.04816666666666667
2 0.8446596244131455 0.39910416666666665 0.01897887323943662 0.03991666666666667
2 0.5251525821596245 0.38885416666666667 0.022899061032863852 0.036333333333333336
2 0.8926056338028169 0.394 0.016161971830985916 0.02764583333333333
2 0.9155046948356808 0.4004375 0.01762910798122066 0.0319375
2 0.9377230046948357 0.396375 0.012922535211267605 0.0266875
2 0.9608802816901408 0.3986458333333333 0.01171361502347418 0.024083333333333335
2 0.9895539906103287 0.40377083333333336 0.013450704225352115 0.029083333333333336