1 0.9238145539906104 0.5507500000000001 0.15235915492957747 0.3654791666666667
0 0.4809037558685446 0.5157916666666666 0.14413145539906103 0.3393541666666666
1 0.693556338028169 0.4747708333333333 0.0790962441314554 0.25454166666666667
1 0.20248826291079813 0.48852083333333335 0.18577464788732395 0.3042916666666667
1 0.7957042253521127 0.46591666666666665 0.08089201877934273 0.21683333333333332
2 0.933556338028169 0.4029166666666667 0.03796948356807512 0.06445833333333334
3 0.47855633802816905 0.37474999999999997 0.03247652582159625 0.051895833333333335
1 0.3967957746478873 0.4936041666666667 0.1128638497652582 0.3115625
2 0.4047887323943662 0.3635 0.028744131455399058 0.05102083333333333
2 0.19970657276995304 0.3624375 0.03293427230046948 0.05314583333333334
1 0.5694483568075117 0.4795833333333333 0.11021126760563381 0.2543958333333333
2 0.5732042253521127 0.3785833333333333 0.02754694835680751 0.049229166666666664
2 0.6994718309859156 0.3682708333333334 0.025070422535211266 0.04102083333333333
2 0.7912206572769953 0.3756875 0.019882629107981224 0.03864583333333334