1 0.11102112676056339 0.5522916666666667 0.22204225352112678 0.39760416666666665
1 0.3481103286384976 0.5619999999999999 0.2002699530516432 0.3925
1 0.6325117370892018 0.5188125 0.10111502347417842 0.2875
1 0.7434272300469483 0.4927708333333333 0.07766431924882629 0.20893750000000003
1 0.8475 0.48018750000000004 0.06088028169014084 0.18058333333333335
0 0.9056807511737089 0.4939791666666667 0.048133802816901404 0.21527083333333333
2 0.08005868544600939 0.3889583333333333 0.04613849765258216 0.0770625
2 0.35448356807511733 0.40220833333333333 0.038673708920187795 0.07466666666666667
2 0.736631455399061 0.4096666666666666 0.017828638497652583 0.036000000000000004
2 0.6327699530516432 0.397875 0.02482394366197183 0.0446875
3 0.9029342723004694 0.4053333333333333 0.032535211267605633 0.03672916666666667
1 0.4522417840375587 0.4982916666666667 0.08591549295774648 0.2730416666666667
2 0.8480046948356808 0.40854166666666664 0.0207981220657277 0.035083333333333334
2 0.7226760563380282 0.40260416666666665 0.01375586854460094 0.027583333333333335
2 0.42450704225352115 0.3882291666666667 0.026338028169014087 0.046375000000000006
2 0.7483215962441315 0.41341666666666665 0.012828638497652582 0.03391666666666667
2 0.9408098591549297 0.4120416666666667 0.012171361502347417 0.0253125
2 0.9752582159624412 0.41220833333333334 0.011302816901408452 0.021833333333333333