1 0.2704577464788733 0.6658541666666667 0.3533568075117371 0.6645
1 0.5741314553990611 0.46947916666666667 0.07981220657276995 0.1885
1 0.12602112676056337 0.5670416666666667 0.18089201877934272 0.47889583333333335
2 0.17477699530516433 0.37447916666666664 0.05408450704225352 0.08747916666666668
2 0.2823356807511737 0.3935833333333333 0.06595070422535211 0.11891666666666666
2 0.3997652582159625 0.3710833333333333 0.038626760563380276 0.07027083333333332
2 0.7601643192488262 0.389 0.020269953051643193 0.0399375
2 0.9081807511737089 0.4000833333333333 0.01634976525821596 0.03275
1 0.9634389671361503 0.464625 0.052417840375586854 0.16472916666666665
1 0.9094600938967137 0.47404166666666664 0.05835680751173709 0.18358333333333335
1 0.760481220657277 0.48870833333333336 0.07863849765258216 0.23727083333333335
1 0.6839671361502347 0.4784583333333333 0.08571596244131456 0.2024375
1 0.4304342723004695 0.5145416666666667 0.17023474178403755 0.3597708333333333
1 0.5319835680751174 0.4419583333333333 0.05417840375586854 0.14950000000000002
2 0.5756220657276996 0.3911875 0.017758215962441315 0.03325
2 0.9689671361502347 0.39906250000000004 0.015046948356807512 0.029770833333333333
2 0.4259859154929577 0.3780833333333333 0.02740610328638498 0.060437500000000005
2 0.6675000000000001 0.39314583333333336 0.01967136150234742 0.03170833333333333
2 0.7918544600938967 0.38868749999999996 0.01449530516431925 0.026395833333333334
2 0.5315962441314555 0.38735416666666667 0.014636150234741786 0.026229166666666668
2 0.6857511737089201 0.39797916666666666 0.01693661971830986 0.024520833333333332
2 0.6970657276995305 0.3875208333333333 0.015129107981220658 0.0325625