1 0.22213615023474179 0.6645208333333333 0.37561032863849764 0.618875
1 0.8743779342723005 0.5508541666666668 0.14687793427230048 0.3833125
1 0.5704577464788733 0.4997916666666667 0.12881455399061034 0.31764583333333335
1 0.4591079812206573 0.4637291666666667 0.1131924882629108 0.23254166666666667
1 0.8038967136150235 0.46493749999999995 0.08009389671361501 0.2021666666666667
1 0.15491784037558687 0.4905416666666667 0.10139671361502348 0.3172291666666667
2 0.1770774647887324 0.3658958333333333 0.03721830985915493 0.062875
2 0.23769953051643194 0.413375 0.06700704225352114 0.1143125
1 0.34294600938967135 0.50975 0.18199530516431925 0.3330416666666667
2 0.3448122065727699 0.37897916666666664 0.036009389671361504 0.06552083333333333
2 0.8871596244131456 0.39443750000000005 0.03592723004694836 0.06508333333333333
2 0.5740492957746478 0.3715833333333334 0.029284037558685444 0.053000000000000005
2 0.45653755868544604 0.3703125 0.021854460093896716 0.04102083333333333
2 0.416537558685446 0.36524999999999996 0.015246478873239436 0.026083333333333333
2 0.4361267605633803 0.3644375 0.020657276995305167 0.042083333333333334
2 0.8055046948356807 0.3842083333333333 0.019589201877934274 0.036041666666666666
1 0.9622300469483569 0.452 0.05936619718309859 0.147625
2 0.9704460093896714 0.39114583333333336 0.013673708920187794 0.024416666666666666
2 0.24579812206572768 0.35129166666666667 0.02342723004694836 0.0388125