1 0.16422535211267605 0.6215833333333334 0.32843896713615023 0.5199166666666667
1 0.6218075117370891 0.6035833333333334 0.2315023474178404 0.45749999999999996
2 0.15245305164319248 0.4151875 0.0586150234741784 0.10516666666666666
1 0.3212854865001479 0.7043859953435546 0.34265364237189166 0.735541529752981 0.3594429076996904 0.7314777643952298 0.37852161829946157 0.7111589376064734 0.38844254781134263 0.6759396378392957 0.3892056962353335 0.6407203380721178 0.3792847667234525 0.5973735075894377 0.3624955013956538 0.5702817385377625 0.34112734552390994 0.5702817385377625 0.3334958612840015 0.5377716156757522 0.33502215813198316 0.49577937364565566 0.31289085383624854 0.47681513530948305 0.3022067759003766 0.4334683048268028 0.2922858463884956 0.4375320701845541 0.29152269796450464 0.4592054854258942 0.2991541822044132 0.4862972544775694 0.284654362148587 0.4754605468568993 0.2663387999728067 0.4266953625638841 0.28083862002863275 0.41992242030096527 0.28236491687661447 0.34271087850369103 0.24191805040509948 0.34271087850369103 0.2396286051331269 0.40502194732254393 0.22283933980532825 0.44430501244747295 0.21139211344546546 0.5079706697189096 0.21826044926138308 0.5160982004344121 0.23733915986115434 0.5011977274559908 0.24039175355711775 0.5039069043611584 0.24420749567707198 0.48223348911981817 0.25412842518895307 0.4917156082879045 0.2571810188849164 0.5201619657921633 0.26939139366877 0.5648633847274275 0.26328620627684324 0.5716363269903463 0.2884701042685413 0.6190469228307779 0.29152269796450464 0.6542662225979555 0.32204863492413865 0.6840671685547981
2 0.2613849765258216 0.3813333333333333 0.04123239436619719 0.0751875
2 0.33301643192488267 0.37424999999999997 0.027253521126760563 0.04785416666666666
2 0.5937441314553991 0.41375 0.04498826291079812 0.07877083333333333
2 0.6261150234741785 0.44022916666666667 0.040657276995305164 0.06735416666666666
2 0.8963967136150235 0.4084375 0.01976525821596244 0.03866666666666666
1 0.9622887323943662 0.47633333333333333 0.059812206572769956 0.1616875
2 0.9186384976525821 0.4078333333333333 0.01539906103286385 0.028874999999999998
2 0.9636737089201878 0.409 0.016091549295774648 0.025125