1 0.22634976525821596 0.6446875 0.3736971830985915 0.612625
1 0.4936854460093897 0.5546666666666666 0.1748004694835681 0.3700833333333333
2 0.1640962441314554 0.38985416666666667 0.06730046948356808 0.10833333333333334
2 0.22694835680751174 0.42472916666666666 0.06336854460093896 0.09004166666666666
2 0.49550469483568077 0.40081249999999996 0.03832159624413145 0.06466666666666666
1 0.8618779342723005 0.5043333333333334 0.09811032863849765 0.22279166666666667
2 0.8741549295774648 0.4134791666666667 0.022746478873239436 0.03677083333333333
2 0.903943661971831 0.4082708333333333 0.01681924882629108 0.035187500000000003
2 0.9192136150234741 0.4099375 0.014037558685446011 0.029666666666666668
1 0.9786150234741784 0.46947916666666667 0.04276995305164319 0.13116666666666668
2 0.9870657276995305 0.41470833333333335 0.011103286384976527 0.02275
2 0.22711267605633803 0.36991666666666667 0.027253521126760563 0.04152083333333333