0 0.1955281690140845 0.6548541666666666 0.3910680751173709 0.6902708333333333
1 0.3277934272300469 0.490125 0.14679577464788732 0.2909583333333333
1 0.5280281690140844 0.49485416666666665 0.11422535211267605 0.2381875
1 0.7831572769953051 0.5171458333333333 0.10603286384976526 0.24770833333333334
1 0.9447769953051643 0.47920833333333335 0.05720657276995306 0.1684166666666667
2 0.02284037558685446 0.38518749999999996 0.044589201877934276 0.0836875
3 0.21338028169014087 0.37081250000000004 0.062206572769953054 0.12168749999999999
2 0.32300469483568073 0.3764583333333333 0.027781690140845073 0.047625
2 0.2955516431924883 0.37122916666666667 0.02505868544600939 0.04647916666666666
2 0.06007042253521127 0.36945833333333333 0.038826291079812204 0.07002083333333334
2 0.784225352112676 0.41602083333333334 0.023673708920187796 0.045125
2 0.9476760563380281 0.40862499999999996 0.016044600938967136 0.027791666666666666
1 0.8828286384976526 0.45635416666666667 0.04092723004694836 0.13797916666666668
2 0.8756807511737089 0.4019375 0.014213615023474178 0.026041666666666668
2 0.9166314553990611 0.40691666666666665 0.010316901408450704 0.018791666666666665
2 0.5371009389671362 0.39727083333333335 0.019694835680751175 0.0445