1 0.3018192488262911 0.5699583333333333 0.2398004694835681 0.46477083333333336
1 0.5398708920187794 0.5065625 0.13719483568075116 0.2918541666666667
1 0.6946361502347418 0.5252708333333334 0.09571596244131456 0.2965625
1 0.8148591549295775 0.4998333333333333 0.07776995305164319 0.23360416666666667
1 0.9300234741784037 0.48541666666666666 0.05938967136150235 0.15927083333333333
2 0.297981220657277 0.3818125 0.050011737089201876 0.0853125
2 0.5503286384976526 0.38475000000000004 0.02460093896713615 0.04835416666666667
2 0.6593544600938966 0.387875 0.020023474178403753 0.03660416666666667
2 0.6884154929577464 0.4028333333333334 0.027347417840375587 0.04870833333333333
2 0.8101173708920189 0.39829166666666665 0.020927230046948356 0.03085416666666667
2 0.5759272300469483 0.4283125 0.019859154929577467 0.035791666666666666
2 0.9297417840375587 0.4161458333333333 0.013051643192488261 0.0204375