1 0.3980751173708921 0.5250416666666667 0.1854225352112676 0.34479166666666666
1 0.5533215962441315 0.5609583333333333 0.14715962441314553 0.37222916666666667
1 0.7483920187793427 0.515625 0.09220657276995306 0.2733125
1 0.8851173708920188 0.4950625 0.057065727699530513 0.17981250000000001
1 0.9473708920187793 0.4825625 0.052335680751173716 0.14164583333333333
2 0.41137323943661974 0.38341666666666663 0.03455399061032864 0.057791666666666665
2 0.44448356807511735 0.4315208333333333 0.027593896713615024 0.044458333333333336
2 0.552793427230047 0.402375 0.03247652582159625 0.059375
2 0.7469600938967136 0.39895833333333336 0.022136150234741782 0.04004166666666666
2 0.8842840375586855 0.41993749999999996 0.015176056338028168 0.0269375
2 0.954330985915493 0.42252083333333335 0.014507042253521125 0.0243125